  0        0 9.0
  1    10000 9.0
  2    20000 9.0
  3    30000 8.3
  4    40000 9.0
  5    50000 7.7
  6    60000 3.3
  7    70000 3.7
  8    80000 5.7
  9    90000 8.0
 10   100000 7.0
 11   110000 0.7
 12   120000 8.7
 13   130000 4.0
 14   140000 0.7
 15   150000 5.0
 16   160000 11.7
 17   170000 7.7
 18   180000 9.0
 19   190000 10.3
 20   200000 15.3
 21   210000 12.0
 22   220000 11.7
 23   230000 10.7
 24   240000 11.7
 25   250000 9.0
 26   260000 11.7
 27   270000 12.7
 28   280000 8.7
 29   290000 9.7
 30   300000 10.3
 31   310000 13.7
 32   320000 16.7
 33   330000 12.0
 34   340000 19.3
 35   350000 12.3
 36   360000 13.3
 37   370000 13.7
 38   380000 16.0
 39   390000 11.7
 40   400000 12.7
 41   410000 17.7
 42   420000 16.7
 43   430000 13.0
 44   440000 14.7
 45   450000 15.3
 46   460000 15.0
 47   470000 18.7
 48   480000 13.7
 49   490000 7.3
 50   500000 12.3
 51   510000 18.3
 52   520000 16.0
 53   530000 18.3
 54   540000 13.7
 55   550000 16.7
 56   560000 17.7
 57   570000 18.3
 58   580000 16.3
 59   590000 21.3
 60   600000 20.7
 61   610000 18.7
 62   620000 23.7
 63   630000 19.3
 64   640000 19.0
 65   650000 26.3
 66   660000 15.3
 67   670000 15.7
 68   680000 20.7
 69   690000 20.7
 70   700000 21.7
 71   710000 26.0
 72   720000 24.3
 73   730000 24.3
 74   740000 30.3
 75   750000 18.0
 76   760000 27.3
 77   770000 20.3
 78   780000 22.3
 79   790000 20.7
 80   800000 24.0
 81   810000 16.7
 82   820000 23.0
 83   830000 34.3
 84   840000 25.3
 85   850000 26.7
 86   860000 21.3
 87   870000 23.3
 88   880000 29.7
 89   890000 22.7
 90   900000 20.0
 91   910000 23.3
 92   920000 26.3
 93   930000 27.0
 94   940000 27.7
 96   960000 30.0
 97   970000 27.3
 98   980000 23.3
 99   990000 41.0
100  1000000 32.0
101  1010000 33.0
102  1020000 36.0
103  1030000 29.3
104  1040000 32.7
105  1050000 14.0
106  1060000 33.3
107  1070000 29.3
108  1080000 32.7
109  1090000 39.3
110  1100000 34.3
111  1110000 41.0
112  1120000 36.0
113  1130000 27.0
114  1140000 25.3
115  1150000 36.3
116  1160000 36.0
117  1170000 34.7
118  1180000 20.3
119  1190000 38.0
120  1200000 34.7
121  1210000 39.0
122  1220000 51.0
123  1230000 40.0
124  1240000 38.3
125  1250000 38.7
126  1260000 38.3
127  1270000 34.3
128  1280000 42.7
129  1290000 43.7
130  1300000 38.0
131  1310000 33.0
132  1320000 31.3
133  1330000 38.3
134  1340000 37.3
135  1350000 34.3
136  1360000 43.0
137  1370000 38.0
138  1380000 23.3
139  1390000 29.0
140  1400000 41.0
141  1410000 35.3
142  1420000 37.0
143  1430000 42.0
144  1440000 44.7
145  1450000 34.0
146  1460000 39.0
147  1470000 30.7
148  1480000 33.0
149  1490000 42.0
150  1500000 37.0
151  1510000 30.0
152  1520000 39.0
153  1530000 37.7
154  1540000 49.0
155  1550000 31.0
156  1560000 39.3
157  1570000 40.0
158  1580000 48.3
159  1590000 39.0
160  1600000 39.0
161  1610000 48.3
162  1620000 44.0
163  1630000 43.3
164  1640000 51.0
165  1650000 32.0
166  1660000 48.0
167  1670000 57.3
168  1680000 45.3
169  1690000 47.0
170  1700000 43.7
171  1710000 38.0
172  1720000 44.7
173  1730000 40.0
174  1740000 41.0
175  1750000 40.7
176  1760000 58.7
177  1770000 59.0
178  1780000 38.3
179  1790000 35.0
180  1800000 50.7
181  1810000 35.0
182  1820000 37.0
183  1830000 49.3
184  1840000 38.7
185  1850000 42.0
186  1860000 58.7
187  1870000 25.3
188  1880000 39.0
189  1890000 26.7
190  1900000 60.0
191  1910000 39.0
192  1920000 44.3
193  1930000 49.3
194  1940000 50.7
195  1950000 56.0
196  1960000 48.7
197  1970000 51.3
198  1980000 52.3
199  1990000 44.0
200  2000000 62.0
201  2010000 38.3
202  2020000 38.3
203  2030000 35.3
204  2040000 49.3
205  2050000 44.0
206  2060000 36.3
207  2070000 42.7
208  2080000 35.0
209  2090000 46.0
210  2100000 26.0
211  2110000 52.7
212  2120000 64.3
213  2130000 36.0
214  2140000 72.7
215  2150000 48.3
216  2160000 47.7
217  2170000 50.0
218  2180000 52.0
219  2190000 34.3
220  2200000 64.0
221  2210000 58.3
222  2220000 62.0
223  2230000 53.7
224  2240000 60.3
225  2250000 44.7
226  2260000 48.3
227  2270000 55.0
228  2280000 63.0
229  2290000 57.0
230  2300000 48.0
231  2310000 63.3
232  2320000 61.0
233  2330000 65.3
234  2340000 60.0
235  2350000 47.3
236  2360000 44.3
237  2370000 51.7
238  2380000 46.7
239  2390000 58.0
240  2400000 58.7
241  2410000 49.7
242  2420000 62.7
243  2430000 38.3
244  2440000 72.3
245  2450000 45.3
246  2460000 59.3
247  2470000 48.0
248  2480000 55.0
249  2490000 43.3
250  2500000 54.7
251  2510000 58.0
252  2520000 97.0
253  2530000 67.0
254  2540000 39.7
255  2550000 45.3
256  2560000 55.7
257  2570000 49.3
258  2580000 75.7
259  2590000 56.7
260  2600000 55.0
261  2610000 48.7
262  2620000 65.0
263  2630000 88.0
264  2640000 45.3
265  2650000 57.7
266  2660000 143.3
267  2670000 44.3
268  2680000 60.3
269  2690000 45.3
270  2700000 52.3
271  2710000 60.7
272  2720000 60.0
273  2730000 67.7
274  2740000 48.3
275  2750000 59.7
276  2760000 52.7
277  2770000 49.0
278  2780000 48.0
279  2790000 54.7
280  2800000 57.0
281  2810000 61.7
282  2820000 70.7
283  2830000 59.3
284  2840000 56.0
285  2850000 69.7
286  2860000 75.0
287  2870000 96.3
288  2880000 164.7
289  2890000 77.3
290  2900000 55.7
291  2910000 88.3
292  2920000 63.0
293  2930000 46.7
294  2940000 50.0
295  2950000 57.0
296  2960000 74.7
297  2970000 88.0
298  2980000 66.3
299  2990000 110.7
300  3000000 103.7
301  3010000 44.7
302  3020000 83.0
303  3030000 162.3
304  3040000 51.3
305  3050000 60.0
306  3060000 49.0
307  3070000 78.3
308  3080000 62.0
309  3090000 24.0
310  3100000 77.7
311  3110000 51.3
312  3120000 59.7
313  3130000 122.3
314  3140000 51.3
315  3150000 81.7
316  3160000 67.3
317  3170000 64.7
318  3180000 111.0
319  3190000 33.7
320  3200000 126.0
321  3210000 59.3
322  3220000 83.0
323  3230000 87.3
324  3240000 59.7
325  3250000 65.3
326  3260000 128.0
327  3270000 74.3
328  3280000 43.3
329  3290000 67.3
330  3300000 55.0
331  3310000 111.3
332  3320000 89.3
333  3330000 128.7
334  3340000 111.0
335  3350000 128.0
336  3360000 46.7
337  3370000 69.0
338  3380000 69.3
339  3390000 126.3
340  3400000 68.3
341  3410000 90.3
342  3420000 56.0
343  3430000 49.3
344  3440000 87.0
345  3450000 66.0
346  3460000 76.0
347  3470000 142.3
348  3480000 53.3
349  3490000 46.3
350  3500000 83.0
351  3510000 140.7
352  3520000 92.3
353  3530000 89.0
354  3540000 98.0
355  3550000 98.7
356  3560000 72.3
357  3570000 68.0
358  3580000 82.7
359  3590000 74.0
360  3600000 54.0
361  3610000 62.0
362  3620000 105.0
363  3630000 58.7
364  3640000 105.0
365  3650000 82.0
366  3660000 51.7
367  3670000 58.7
368  3680000 36.3
369  3690000 58.3
370  3700000 88.7
371  3710000 49.7
372  3720000 89.7
373  3730000 130.0
374  3740000 57.0
375  3750000 98.0
376  3760000 95.3
377  3770000 92.7
378  3780000 69.0
379  3790000 68.0
380  3800000 59.3
381  3810000 73.7
382  3820000 61.0
383  3830000 63.7
384  3840000 76.0
385  3850000 43.7
386  3860000 114.7
387  3870000 106.3
388  3880000 81.0
389  3890000 68.0
390  3900000 115.3
391  3910000 94.0
392  3920000 86.3
393  3930000 67.0
394  3940000 55.7
395  3950000 71.3
396  3960000 88.0
397  3970000 100.3
398  3980000 128.3
399  3990000 82.7
400  4000000 154.7
401  4010000 74.0
402  4020000 68.3
403  4030000 91.7
404  4040000 40.3
405  4050000 78.7
406  4060000 143.7
407  4070000 115.0
408  4080000 97.0
409  4090000 118.7
410  4100000 63.7
411  4110000 70.0
412  4120000 82.3
413  4130000 82.3
414  4140000 105.7
415  4150000 82.0
416  4160000 101.0
417  4170000 78.7
418  4180000 66.0
419  4190000 71.0
420  4200000 73.0
421  4210000 122.3
422  4220000 128.0
423  4230000 87.7
424  4240000 123.0
425  4250000 70.0
426  4260000 40.3
427  4270000 80.3
428  4280000 132.3
429  4290000 89.3
430  4300000 98.3
431  4310000 31.0
432  4320000 149.0
433  4330000 62.0
434  4340000 73.3
435  4350000 154.7
436  4360000 97.0
437  4370000 123.0
438  4380000 84.7
439  4390000 79.3
440  4400000 98.7
441  4410000 79.3
442  4420000 75.0
443  4430000 190.0
444  4440000 58.7
445  4450000 70.7
446  4460000 112.7
447  4470000 76.3
448  4480000 35.0
449  4490000 74.7
450  4500000 177.7
451  4510000 111.0
452  4520000 90.0
453  4530000 76.7
454  4540000 70.7
455  4550000 105.7
456  4560000 93.7
457  4570000 65.7
458  4580000 107.3
459  4590000 129.7
460  4600000 49.3
461  4610000 50.0
462  4620000 109.7
463  4630000 106.3
464  4640000 68.0
465  4650000 133.7
466  4660000 21.7
467  4670000 72.3
468  4680000 57.0
469  4690000 55.0
470  4700000 54.7
471  4710000 94.3
472  4720000 62.0
473  4730000 72.3
474  4740000 124.7
475  4750000 130.3
476  4760000 127.3
477  4770000 33.0
478  4780000 41.3
479  4790000 44.0
480  4800000 71.3
481  4810000 110.3
482  4820000 116.3
483  4830000 116.0
484  4840000 42.0
485  4850000 112.3
486  4860000 78.7
487  4870000 94.0
488  4880000 34.7
489  4890000 100.0
490  4900000 128.0
491  4910000 89.3
492  4920000 132.7
493  4930000 91.7
494  4940000 105.7
495  4950000 77.7
496  4960000 52.7
497  4970000 56.7
498  4980000 51.7
499  4990000 45.3
500  5000000 86.3
501  5010000 56.7
502  5020000 89.3
503  5030000 72.7
504  5040000 107.7
505  5050000 62.3
506  5060000 151.7
507  5070000 65.3
508  5080000 94.3
509  5090000 135.3
510  5100000 71.3
511  5110000 85.7
512  5120000 115.7
513  5130000 79.3
514  5140000 150.0
515  5150000 57.0
516  5160000 20.7
517  5170000 29.3
518  5180000 90.3
519  5190000 99.3
520  5200000 109.7
521  5210000 76.3
522  5220000 122.3
523  5230000 77.7
524  5240000 102.3
525  5250000 73.0
526  5260000 96.3
527  5270000 68.3
528  5280000 158.0
529  5290000 119.3
530  5300000 93.3
531  5310000 136.3
532  5320000 71.0
533  5330000 150.3
534  5340000 116.7
535  5350000 175.3
536  5360000 57.3
537  5370000 68.7
538  5380000 85.7
539  5390000 74.3
540  5400000 143.3
541  5410000 69.3
542  5420000 106.3
543  5430000 16.7
544  5440000 68.7
545  5450000 56.0
546  5460000 127.0
547  5470000 24.3
548  5480000 75.0
549  5490000 160.7
550  5500000 99.3
551  5510000 36.7
552  5520000 32.3
553  5530000 61.3
554  5540000 101.0
555  5550000 81.0
556  5560000 151.7
557  5570000 68.7
558  5580000 32.3
559  5590000 156.7
560  5600000 122.0
561  5610000 123.0
562  5620000 76.0
563  5630000 187.0
564  5640000 67.0
565  5650000 151.3
566  5660000 75.7
567  5670000 123.0
568  5680000 37.7
569  5690000 113.7
570  5700000 136.3
571  5710000 101.0
572  5720000 34.3
573  5730000 41.0
574  5740000 43.7
575  5750000 73.0
576  5760000 159.0
577  5770000 144.7
578  5780000 62.3
579  5790000 75.3
580  5800000 104.7
581  5810000 103.3
582  5820000 70.3
583  5830000 110.3
584  5840000 89.3
585  5850000 111.3
586  5860000 66.3
587  5870000 85.3
588  5880000 85.7
589  5890000 132.0
590  5900000 111.0
591  5910000 97.3
592  5920000 70.3
593  5930000 33.7
594  5940000 51.0
595  5950000 86.0
596  5960000 77.0
597  5970000 77.7
598  5980000 78.7
599  5990000 142.0
600  6000000 137.3
601  6010000 57.7
602  6020000 120.7
603  6030000 69.7
604  6040000 85.3
605  6050000 96.0
606  6060000 81.7
607  6070000 135.3
608  6080000 66.0
609  6090000 83.3
610  6100000 63.0
611  6110000 157.3
612  6120000 60.0
613  6130000 46.7
614  6140000 83.3
615  6150000 67.7
616  6160000 41.0
617  6170000 109.7
618  6180000 149.0
619  6190000 199.7
620  6200000 116.7
621  6210000 85.3
622  6220000 153.3
623  6230000 88.0
624  6240000 99.7
625  6250000 61.3
626  6260000 51.3
627  6270000 87.7
628  6280000 34.7
629  6290000 36.0
630  6300000 39.7
631  6310000 28.3
632  6320000 57.0
633  6330000 93.7
634  6340000 42.7
635  6350000 156.7
636  6360000 49.7
637  6370000 120.7
638  6380000 69.3
639  6390000 100.0
640  6400000 132.7
641  6410000 81.7
642  6420000 142.7
643  6430000 139.7
644  6440000 127.0
645  6450000 91.7
646  6460000 126.7
647  6470000 118.0
648  6480000 60.3
649  6490000 165.3
650  6500000 116.0
651  6510000 113.0
652  6520000 125.7
653  6530000 60.3
654  6540000 57.7
655  6550000 66.3
656  6560000 143.7
657  6570000 132.3
658  6580000 58.7
659  6590000 95.0
660  6600000 89.7
661  6610000 92.0
662  6620000 129.7
663  6630000 49.0
664  6640000 202.3
665  6650000 109.7
666  6660000 104.7
667  6670000 117.7
668  6680000 43.3
669  6690000 75.3
670  6700000 234.3
671  6710000 63.7
672  6720000 139.7
673  6730000 69.7
674  6740000 75.3
675  6750000 44.0
676  6760000 80.7
677  6770000 87.3
678  6780000 78.3
679  6790000 63.3
680  6800000 93.7
681  6810000 53.7
682  6820000 130.0
683  6830000 33.0
684  6840000 49.3
685  6850000 97.3
686  6860000 84.7
687  6870000 35.7
688  6880000 85.7
689  6890000 83.0
690  6900000 103.7
691  6910000 63.3
692  6920000 186.0
693  6930000 123.3
694  6940000 99.3
695  6950000 170.7
696  6960000 77.0
697  6970000 200.0
698  6980000 120.7
699  6990000 73.3
700  7000000 99.0
701  7010000 67.7
702  7020000 47.0
703  7030000 22.7
704  7040000 33.3
705  7050000 40.0
706  7060000 125.7
707  7070000 46.3
708  7080000 56.0
709  7090000 89.0
710  7100000 42.0
711  7110000 104.0
712  7120000 110.0
713  7130000 44.7
714  7140000 124.0
715  7150000 53.0
716  7160000 86.0
717  7170000 154.3
718  7180000 95.7
719  7190000 44.7
720  7200000 51.7
721  7210000 122.0
722  7220000 94.3
723  7230000 112.7
724  7240000 43.0
725  7250000 94.7
726  7260000 95.3
727  7270000 86.3
728  7280000 54.0
729  7290000 75.7
730  7300000 60.3
731  7310000 64.7
732  7320000 21.7
733  7330000 116.3
734  7340000 52.7
735  7350000 42.0
736  7360000 115.0
737  7370000 110.3
738  7380000 100.0
739  7390000 50.3
740  7400000 81.0
741  7410000 59.3
742  7420000 27.3
743  7430000 169.3
744  7440000 152.3
745  7450000 72.3
746  7460000 88.7
747  7470000 172.3
748  7480000 36.3
749  7490000 47.0
750  7500000 108.0
751  7510000 66.0
752  7520000 102.3
753  7530000 60.0
754  7540000 125.7
755  7550000 174.3
756  7560000 74.7
757  7570000 86.0
758  7580000 56.3
759  7590000 128.3
760  7600000 122.3
761  7610000 61.7
762  7620000 70.3
763  7630000 112.3
764  7640000 96.3
765  7650000 143.3
766  7660000 128.3
767  7670000 34.7
768  7680000 98.3
769  7690000 37.3
770  7700000 51.3
771  7710000 50.0
772  7720000 92.0
773  7730000 78.7
774  7740000 58.3
775  7750000 109.3
776  7760000 87.7
777  7770000 91.0
778  7780000 75.3
779  7790000 34.0
780  7800000 43.7
781  7810000 50.7
782  7820000 136.3
783  7830000 137.0
784  7840000 73.7
785  7850000 52.3
786  7860000 24.7
787  7870000 61.7
788  7880000 210.0
789  7890000 55.0
790  7900000 162.7
791  7910000 139.0
792  7920000 107.3
793  7930000 163.3
794  7940000 146.0
795  7950000 120.7
796  7960000 64.3
797  7970000 123.3
798  7980000 40.0
799  7990000 92.0
800  8000000 55.0
801  8010000 110.3
802  8020000 61.0
803  8030000 177.0
804  8040000 90.0
805  8050000 44.0
806  8060000 62.3
807  8070000 151.7
808  8080000 151.7
809  8090000 159.3
810  8100000 67.7
811  8110000 115.7
812  8120000 68.7
813  8130000 93.3
814  8140000 79.0
815  8150000 174.0
816  8160000 205.7
817  8170000 122.3
818  8180000 62.0
819  8190000 72.3
820  8200000 70.0
821  8210000 21.3
822  8220000 33.7
823  8230000 141.3
824  8240000 229.0
825  8250000 68.0
826  8260000 116.7
827  8270000 90.3
828  8280000 171.3
829  8290000 124.7
830  8300000 65.3
831  8310000 233.7
832  8320000 134.0
833  8330000 61.3
834  8340000 112.0
835  8350000 102.3
836  8360000 79.0
837  8370000 183.3
838  8380000 105.0
839  8390000 62.7
840  8400000 63.3
841  8410000 123.3
842  8420000 105.3
843  8430000 74.3
844  8440000 115.7
845  8450000 47.3
846  8460000 144.7
847  8470000 90.3
848  8480000 154.3
849  8490000 85.3
850  8500000 151.0
851  8510000 80.7
852  8520000 206.0
853  8530000 65.0
854  8540000 86.0
855  8550000 80.0
856  8560000 186.0
857  8570000 31.0
858  8580000 66.3
859  8590000 90.3
860  8600000 76.7
861  8610000 138.3
862  8620000 164.3
863  8630000 173.7
864  8640000 44.3
865  8650000 70.0
866  8660000 90.3
867  8670000 94.0
868  8680000 86.0
869  8690000 71.3
870  8700000 76.0
871  8710000 60.3
872  8720000 47.3
873  8730000 92.3
874  8740000 53.3
875  8750000 56.7
876  8760000 148.3
877  8770000 97.3
878  8780000 38.7
879  8790000 142.3
880  8800000 20.7
881  8810000 134.0
882  8820000 55.0
883  8830000 116.0
884  8840000 70.7
885  8850000 264.7
886  8860000 49.7
887  8870000 200.0
888  8880000 112.0
889  8890000 45.7
890  8900000 102.0
891  8910000 30.0
892  8920000 71.7
893  8930000 149.7
894  8940000 101.0
895  8950000 64.7
896  8960000 71.0
897  8970000 65.7
898  8980000 148.7
899  8990000 57.3
900  9000000 62.0
901  9010000 224.7
902  9020000 92.3
903  9030000 57.7
904  9040000 37.7
905  9050000 100.3
906  9060000 46.0
907  9070000 93.3
908  9080000 148.7
909  9090000 77.7
910  9100000 44.3
911  9110000 129.0
912  9120000 155.0
913  9130000 116.0
914  9140000 81.0
915  9150000 77.0
916  9160000 98.0
917  9170000 83.7
918  9180000 163.0
919  9190000 37.7
920  9200000 123.7
921  9210000 96.7
922  9220000 158.0
923  9230000 37.3
924  9240000 105.3
925  9250000 125.0
926  9260000 135.0
927  9270000 120.3
928  9280000 204.0
929  9290000 55.0
930  9300000 104.3
931  9310000 47.7
932  9320000 44.7
933  9330000 109.3
934  9340000 95.7
935  9350000 152.0
936  9360000 120.3
937  9370000 91.3
938  9380000 30.7
939  9390000 51.3
940  9400000 52.3
941  9410000 64.7
942  9420000 94.0
943  9430000 72.7
944  9440000 67.0
945  9450000 35.3
946  9460000 120.7
947  9470000 105.7
948  9480000 110.3
949  9490000 40.0
950  9500000 57.0
951  9510000 91.0
952  9520000 89.0
953  9530000 116.3
954  9540000 32.0
955  9550000 122.0
956  9560000 66.7
957  9570000 120.0
958  9580000 122.7
959  9590000 100.0
960  9600000 46.7
961  9610000 19.7
962  9620000 30.7
963  9630000 95.7
964  9640000 72.0
965  9650000 59.7
966  9660000 55.0
967  9670000 59.7
968  9680000 49.7
969  9690000 121.3
970  9700000 59.0
971  9710000 51.7
972  9720000 66.3
973  9730000 149.7
974  9740000 147.0
975  9750000 123.3
976  9760000 98.0
977  9770000 125.0
978  9780000 107.0
979  9790000 104.3
980  9800000 116.3
981  9810000 89.0
982  9820000 259.0
983  9830000 88.3
984  9840000 27.3
985  9850000 123.0
986  9860000 157.3
987  9870000 233.3
988  9880000 64.3
989  9890000 96.0
990  9900000 128.3
991  9910000 41.3
992  9920000 71.3
993  9930000 61.7
994  9940000 92.7
995  9950000 100.3
996  9960000 63.7
997  9970000 238.7
998  9980000 38.3
999  9990000 114.0
1000 10000000 25.0
1001 10010000 29.7
1002 10020000 117.3
1003 10030000 53.7
1004 10040000 58.0
1005 10050000 67.3
1006 10060000 179.7
1007 10070000 51.3
1008 10080000 102.0
1009 10090000 51.7
1010 10100000 98.3
1011 10110000 65.3
1012 10120000 181.0
1013 10130000 81.3
1014 10140000 79.0
1015 10150000 46.0
1016 10160000 63.0
1017 10170000 61.0
1018 10180000 29.7
1019 10190000 114.0
1020 10200000 163.3
1021 10210000 135.3
1022 10220000 35.7
1023 10230000 38.3
1024 10240000 105.3
1025 10250000 49.7
1026 10260000 186.7
1027 10270000 94.0
1028 10280000 110.0
1029 10290000 82.3
1030 10300000 158.7
1031 10310000 189.0
1032 10320000 161.0
1033 10330000 70.3
1034 10340000 45.3
1035 10350000 69.7
1036 10360000 115.0
1037 10370000 105.7
1038 10380000 25.0
1039 10390000 82.0
1040 10400000 71.0
1041 10410000 100.3
1042 10420000 70.7
1043 10430000 72.0
1044 10440000 70.0
1045 10450000 27.3
1046 10460000 58.3
1047 10470000 140.7
1048 10480000 94.7
1049 10490000 126.3
1050 10500000 39.7
1051 10510000 52.7
1052 10520000 37.7
1053 10530000 49.7
1054 10540000 116.3
1055 10550000 103.0
1056 10560000 118.3
1057 10570000 125.3
1058 10580000 65.3
1059 10590000 110.7
1060 10600000 44.3
1061 10610000 85.7
1062 10620000 65.3
1063 10630000 79.7
1064 10640000 61.0
1065 10650000 59.7
1066 10660000 35.3
1067 10670000 75.7
1068 10680000 89.7
1069 10690000 72.7
1070 10700000 70.7
1071 10710000 65.7
1072 10720000 121.0
1073 10730000 84.3
1074 10740000 138.0
1075 10750000 60.3
1076 10760000 50.3
1077 10770000 43.0
1078 10780000 66.0
1079 10790000 100.7
1080 10800000 81.0
1081 10810000 79.0
1082 10820000 114.3
1083 10830000 122.3
1084 10840000 157.7
1085 10850000 85.0
1086 10860000 197.0
1087 10870000 132.3
1088 10880000 102.3
1089 10890000 207.7
1090 10900000 60.3
1091 10910000 34.0
1092 10920000 92.7
1093 10930000 86.3
1094 10940000 33.7
1095 10950000 64.0
1096 10960000 122.0
1097 10970000 53.0
1098 10980000 80.0
1099 10990000 164.7
1100 11000000 112.0
1101 11010000 89.0
1102 11020000 106.7
1103 11030000 41.0
1104 11040000 116.7
1105 11050000 166.7
1106 11060000 62.7
1107 11070000 35.7
1108 11080000 144.0
1109 11090000 25.7
1110 11100000 43.7
1111 11110000 111.3
1112 11120000 121.3
1113 11130000 120.3
1114 11140000 163.7
1115 11150000 145.3
1116 11160000 35.3
1117 11170000 111.7
1118 11180000 31.0
1119 11190000 80.7
1120 11200000 100.0
1121 11210000 89.0
1122 11220000 105.7
1123 11230000 136.7
1124 11240000 155.7
1125 11250000 76.3
1126 11260000 78.3
1127 11270000 119.0
1128 11280000 67.7
1129 11290000 96.3
1130 11300000 155.7
1131 11310000 65.7
1132 11320000 92.3
1133 11330000 105.0
1134 11340000 114.0
1135 11350000 120.0
1136 11360000 46.7
1137 11370000 99.7
1138 11380000 136.0
1139 11390000 63.0
1140 11400000 137.3
1141 11410000 106.0
1142 11420000 52.3
1143 11430000 173.7
1144 11440000 24.7
1145 11450000 124.3
1146 11460000 157.7
1147 11470000 14.7
1148 11480000 116.0
1149 11490000 135.7
1150 11500000 87.7
1151 11510000 53.7
1152 11520000 97.0
1153 11530000 194.3
1154 11540000 120.3
1155 11550000 116.0
1156 11560000 118.7
1157 11570000 79.7
1158 11580000 28.3
1159 11590000 115.0
1160 11600000 24.7
1161 11610000 19.3
1162 11620000 48.7
1163 11630000 95.3
1164 11640000 83.3
1165 11650000 102.3
1166 11660000 226.3
1167 11670000 49.3
1168 11680000 85.3
1169 11690000 191.7
1170 11700000 33.0
1171 11710000 89.3
1172 11720000 167.3
1173 11730000 80.0
1174 11740000 80.3
1175 11750000 36.3
1176 11760000 167.3
1177 11770000 57.0
1178 11780000 46.0
1179 11790000 102.0
1180 11800000 44.0
1181 11810000 101.3
1182 11820000 58.3
1183 11830000 212.7
1184 11840000 77.7
1185 11850000 63.0
1186 11860000 144.3
1187 11870000 116.0
1188 11880000 36.3
1189 11890000 67.7
1190 11900000 126.7
1191 11910000 110.3
1192 11920000 71.0
1193 11930000 107.3
1194 11940000 58.0
1195 11950000 93.0
1196 11960000 104.7
1197 11970000 115.3
1198 11980000 37.7
1199 11990000 29.3
1200 12000000 183.7
1201 12010000 43.3
1202 12020000 118.3
1203 12030000 76.3
1204 12040000 110.3
1205 12050000 94.0
1206 12060000 73.3
1207 12070000 132.7
1208 12080000 71.0
1209 12090000 133.0
1210 12100000 75.3
1211 12110000 132.0
1212 12120000 90.7
1213 12130000 58.0
1214 12140000 42.0
1215 12150000 13.0
1216 12160000 130.0
1217 12170000 25.0
1218 12180000 20.0
1219 12190000 70.7
1220 12200000 50.0
1221 12210000 175.3
1222 12220000 61.3
1223 12230000 64.0
1224 12240000 83.7
1225 12250000 43.3
1226 12260000 84.0
1227 12270000 56.7
1228 12280000 128.7
1229 12290000 63.3
1230 12300000 135.7
1231 12310000 77.3
1232 12320000 129.7
1233 12330000 54.0
1234 12340000 80.0
1235 12350000 74.7
1236 12360000 40.7
1237 12370000 61.3
1238 12380000 159.0
1239 12390000 200.7
1240 12400000 27.0
1241 12410000 118.0
1242 12420000 108.0
1243 12430000 99.3
1244 12440000 97.3
1245 12450000 102.3
1246 12460000 152.0
1247 12470000 31.7
1248 12480000 71.0
1249 12490000 135.3
1250 12500000 74.3
1251 12510000 67.0
1252 12520000 49.0
1253 12530000 155.7
1254 12540000 30.7
1255 12550000 40.7
1256 12560000 55.3
1257 12570000 85.3
1258 12580000 111.3
1259 12590000 42.0
1260 12600000 133.7
1261 12610000 60.7
1262 12620000 72.0
1263 12630000 80.7
1264 12640000 74.7
1265 12650000 115.7
1266 12660000 121.7
1267 12670000 84.7
1268 12680000 80.3
1269 12690000 85.7
1270 12700000 167.3
1271 12710000 122.7
1272 12720000 42.0
1273 12730000 119.0
1274 12740000 73.7
1275 12750000 35.3
1276 12760000 58.3
1277 12770000 115.7
1278 12780000 130.0
1279 12790000 190.7
1280 12800000 45.7
1281 12810000 50.0
1282 12820000 59.0
1283 12830000 24.3
1284 12840000 58.0
1285 12850000 129.3
1286 12860000 154.0
1287 12870000 86.7
1288 12880000 61.0
1289 12890000 53.0
1290 12900000 34.7
1291 12910000 119.0
1292 12920000 45.0
1293 12930000 98.3
1294 12940000 86.0
1295 12950000 60.0
1296 12960000 49.0
1297 12970000 134.7
1298 12980000 150.7
1299 12990000 105.7
1300 13000000 74.0
1301 13010000 181.3
1302 13020000 73.3
1303 13030000 156.3
1304 13040000 101.0
1305 13050000 57.0
1306 13060000 92.7
1307 13070000 42.3
1308 13080000 138.3
1309 13090000 47.3
1310 13100000 21.7
1311 13110000 123.0
1312 13120000 94.3
1313 13130000 145.3
1314 13140000 95.0
1315 13150000 76.7
1316 13160000 129.0
1317 13170000 101.0
1318 13180000 137.0
1319 13190000 86.3
1320 13200000 208.0
1321 13210000 85.7
1322 13220000 71.0
1323 13230000 48.0
1324 13240000 29.3
1325 13250000 96.3
1326 13260000 133.3
1327 13270000 35.7
1328 13280000 53.3
1329 13290000 113.0
1330 13300000 29.3
1331 13310000 51.7
1332 13320000 76.3
1333 13330000 149.7
1334 13340000 88.0
1335 13350000 59.7
1336 13360000 90.0
1337 13370000 149.7
1338 13380000 89.0
1339 13390000 100.7
1340 13400000 40.7
1341 13410000 138.3
1342 13420000 85.7
1343 13430000 122.3
1344 13440000 67.0
1345 13450000 114.7
1346 13460000 64.3
1347 13470000 88.0
1348 13480000 174.3
1349 13490000 69.0
1350 13500000 72.0
1351 13510000 113.3
1352 13520000 131.3
1353 13530000 156.3
1354 13540000 149.7
1355 13550000 52.7
1356 13560000 193.7
1357 13570000 98.0
1358 13580000 63.3
1359 13590000 108.7
1360 13600000 138.7
1361 13610000 121.7
1362 13620000 59.0
1363 13630000 96.3
1364 13640000 79.3
1365 13650000 78.3
1366 13660000 85.3
1367 13670000 86.7
1368 13680000 108.0
1369 13690000 118.3
1370 13700000 126.7
1371 13710000 114.7
1372 13720000 148.3
1373 13730000 116.7
1374 13740000 26.0
1375 13750000 55.7
1376 13760000 112.0
1377 13770000 97.3
1378 13780000 85.0
1379 13790000 124.3
1380 13800000 167.0
1381 13810000 59.3
1382 13820000 48.0
1383 13830000 39.3
1384 13840000 36.0
1385 13850000 127.7
1386 13860000 93.0
1387 13870000 44.0
1388 13880000 67.7
1389 13890000 30.7
1390 13900000 50.7
1391 13910000 29.0
1392 13920000 124.0
1393 13930000 24.0
1394 13940000 38.7
1395 13950000 36.7
1396 13960000 35.3
1397 13970000 102.3
1398 13980000 85.7
1399 13990000 237.7
1400 14000000 53.7
1401 14010000 108.3
1402 14020000 180.7
1403 14030000 110.0
1404 14040000 59.0
1405 14050000 54.0
1406 14060000 210.0
1407 14070000 47.3
1408 14080000 59.0
1409 14090000 38.3
1410 14100000 149.7
1411 14110000 47.7
1412 14120000 42.7
1413 14130000 31.0
1414 14140000 79.7
1415 14150000 126.0
1416 14160000 85.7
1417 14170000 82.3
1418 14180000 51.7
1419 14190000 183.0
1420 14200000 125.0
1421 14210000 115.0
1422 14220000 44.3
1423 14230000 136.3
1424 14240000 97.3
1425 14250000 53.7
1426 14260000 29.0
1427 14270000 55.7
1428 14280000 78.7
1429 14290000 31.7
1430 14300000 20.3
1431 14310000 73.0
1432 14320000 74.0
1433 14330000 28.0
1434 14340000 37.3
1435 14350000 59.0
1436 14360000 80.3
1437 14370000 193.0
1438 14380000 25.0
1439 14390000 80.3
1440 14400000 29.7
1441 14410000 36.3
1442 14420000 47.0
1443 14430000 78.0
1444 14440000 83.7
1445 14450000 51.3
1446 14460000 42.7
1447 14470000 60.7
1448 14480000 63.3
1449 14490000 169.0
1450 14500000 90.7
1451 14510000 130.7
1452 14520000 48.0
1453 14530000 59.3
1454 14540000 183.3
1455 14550000 134.3
1456 14560000 105.3
1457 14570000 137.7
1458 14580000 94.7
1459 14590000 54.3
1460 14600000 20.3
1461 14610000 40.3
1462 14620000 30.7
1463 14630000 153.7
1464 14640000 47.0
1465 14650000 92.3
1466 14660000 59.0
1467 14670000 115.0
1468 14680000 63.0
1469 14690000 114.0
1470 14700000 65.7
1471 14710000 142.3
1472 14720000 70.0
1473 14730000 28.3
1474 14740000 66.0
1475 14750000 83.3
1476 14760000 105.0
1477 14770000 113.0
1478 14780000 128.0
1479 14790000 16.0
1480 14800000 54.3
1481 14810000 10.0
1482 14820000 93.7
1483 14830000 67.0
1484 14840000 100.7
1485 14850000 85.3
1486 14860000 142.3
1487 14870000 81.3
1488 14880000 53.0
1489 14890000 136.0
1490 14900000 46.0
1491 14910000 85.0
1492 14920000 46.7
1493 14930000 69.0
1494 14940000 102.3
1495 14950000 142.3
1496 14960000 119.7
1497 14970000 35.7
1498 14980000 114.3
1499 14990000 162.7
1500 15000000 85.3
1501 15010000 75.0
1502 15020000 64.3
1503 15030000 33.0
1504 15040000 200.7
1505 15050000 200.0
1506 15060000 34.7
1507 15070000 52.7
1508 15080000 95.3
1509 15090000 86.0
1510 15100000 87.3
1511 15110000 45.0
1512 15120000 42.7
1513 15130000 125.7
1514 15140000 28.0
1515 15150000 44.0
1516 15160000 23.0
1517 15170000 102.0
1518 15180000 58.3
1519 15190000 59.3
1520 15200000 89.0
1521 15210000 87.0
1522 15220000 147.7
1523 15230000 49.0
1524 15240000 162.7
1525 15250000 210.7
1526 15260000 126.3
1527 15270000 35.0
1528 15280000 57.7
1529 15290000 57.3
1530 15300000 64.7
1531 15310000 79.7
1532 15320000 129.0
1533 15330000 57.7
1534 15340000 71.0
1535 15350000 74.7
1536 15360000 136.7
1537 15370000 222.3
1538 15380000 146.7
1539 15390000 19.0
1540 15400000 15.0
1541 15410000 18.0
1542 15420000 17.3
1543 15430000 160.0
1544 15440000 115.0
1545 15450000 108.7
1546 15460000 51.3
1547 15470000 76.0
1548 15480000 108.3
1549 15490000 59.3
1550 15500000 87.3
1551 15510000 45.0
1552 15520000 64.7
1553 15530000 72.3
1554 15540000 48.7
1555 15550000 90.7
1556 15560000 112.7
1557 15570000 87.7
1558 15580000 109.3
1559 15590000 121.3
1560 15600000 118.7
1561 15610000 68.0
1562 15620000 55.0
1563 15630000 51.7
1564 15640000 100.0
1565 15650000 71.7
1566 15660000 58.3
1567 15670000 30.3
1568 15680000 38.7
1569 15690000 113.3
1570 15700000 105.7
1571 15710000 50.0
1572 15720000 80.7
1573 15730000 146.3
1574 15740000 57.0
1575 15750000 42.7
1576 15760000 117.0
1577 15770000 88.0
1578 15780000 108.3
1579 15790000 69.0
1580 15800000 39.0
1581 15810000 45.0
1582 15820000 82.7
1583 15830000 40.7
1584 15840000 81.0
1585 15850000 107.0
1586 15860000 78.0
1587 15870000 75.0
1588 15880000 46.0
1589 15890000 96.0
1590 15900000 55.7
1591 15910000 63.0
1592 15920000 146.3
1593 15930000 45.3
1594 15940000 36.7
1595 15950000 33.3
1596 15960000 73.7
1597 15970000 51.0
1598 15980000 108.7
1599 15990000 157.0
1600 16000000 45.0
1601 16010000 85.3
1602 16020000 43.0
1603 16030000 103.7
1604 16040000 16.0
1605 16050000 42.7
1606 16060000 93.7
1607 16070000 24.0
1608 16080000 197.3
1609 16090000 46.0
1610 16100000 74.7
1611 16110000 33.0
1612 16120000 63.0
1613 16130000 130.3
1614 16140000 72.3
1615 16150000 156.0
1616 16160000 127.0
1617 16170000 50.7
1618 16180000 49.7
1619 16190000 55.0
1620 16200000 96.7
1621 16210000 30.0
1622 16220000 37.0
1623 16230000 83.0
1624 16240000 170.0
1625 16250000 44.3
1626 16260000 28.0
1627 16270000 84.7
1628 16280000 110.0
1629 16290000 53.7
1630 16300000 24.0
1631 16310000 55.3
1632 16320000 78.0
1633 16330000 66.3
1634 16340000 27.0
1635 16350000 114.0
1636 16360000 88.3
1637 16370000 41.0
1638 16380000 96.0
1639 16390000 132.3
1640 16400000 55.3
1641 16410000 98.7
1642 16420000 47.3
1643 16430000 42.7
1644 16440000 45.0
1645 16450000 65.0
1646 16460000 29.7
1647 16470000 58.3
1648 16480000 79.0
1649 16490000 66.0
1650 16500000 56.0
1651 16510000 111.0
1652 16520000 63.7
1653 16530000 58.3
1654 16540000 35.0
1655 16550000 52.7
1656 16560000 39.7
1657 16570000 107.7
1658 16580000 113.3
1659 16590000 103.3
1660 16600000 40.7
1661 16610000 34.3
1662 16620000 14.3
1663 16630000 67.0
1664 16640000 38.3
1665 16650000 82.7
1666 16660000 74.0
1667 16670000 35.3
1668 16680000 83.0
1669 16690000 55.7
1670 16700000 150.3
1671 16710000 80.7
1672 16720000 123.3
1673 16730000 160.0
1674 16740000 25.0
1675 16750000 192.0
1676 16760000 180.7
1677 16770000 58.7
1678 16780000 39.0
1679 16790000 82.3
1680 16800000 34.0
1681 16810000 120.0
1682 16820000 106.0
1683 16830000 119.0
1684 16840000 98.3
1685 16850000 51.0
1686 16860000 164.3
1687 16870000 66.3
1688 16880000 113.0
1689 16890000 174.7
1690 16900000 123.7
1691 16910000 106.3
1692 16920000 169.3
1693 16930000 25.3
1694 16940000 27.7
1695 16950000 65.0
1696 16960000 123.7
1697 16970000 127.7
1698 16980000 54.0
1699 16990000 102.3
1700 17000000 92.0
1701 17010000 172.7
1702 17020000 155.3
1703 17030000 63.0
1704 17040000 29.0
1705 17050000 39.3
1706 17060000 25.3
1707 17070000 41.7
1708 17080000 123.7
1709 17090000 59.3
1710 17100000 66.7
1711 17110000 66.7
1712 17120000 31.3
1713 17130000 57.3
1714 17140000 82.0
1715 17150000 45.0
1716 17160000 43.3
1717 17170000 34.7
1718 17180000 129.3
1719 17190000 143.3
1720 17200000 54.3
1721 17210000 116.7
1722 17220000 52.3
1723 17230000 112.7
1724 17240000 37.7
1725 17250000 41.0
1726 17260000 129.3
1727 17270000 237.3
1728 17280000 127.0
1729 17290000 53.3
1730 17300000 49.3
1731 17310000 126.3
1732 17320000 51.7
1733 17330000 92.7
1734 17340000 94.0
1735 17350000 52.0
1736 17360000 75.0
1737 17370000 36.7
1738 17380000 34.7
1739 17390000 206.0
1740 17400000 176.7
1741 17410000 105.3
1742 17420000 34.3
1743 17430000 41.7
1744 17440000 119.7
1745 17450000 25.7
1746 17460000 113.0
1747 17470000 31.7
1748 17480000 196.7
1749 17490000 71.7
1750 17500000 98.3
1751 17510000 52.3
1752 17520000 57.3
1753 17530000 45.0
1754 17540000 30.0
1755 17550000 122.0
1756 17560000 77.3
1757 17570000 38.3
1758 17580000 90.7
1759 17590000 28.7
1760 17600000 37.3
1761 17610000 16.3
1762 17620000 38.0
1763 17630000 134.0
1764 17640000 44.0
1765 17650000 46.3
1766 17660000 170.7
1767 17670000 82.0
1768 17680000 97.3
1769 17690000 205.0
1770 17700000 31.0
1771 17710000 71.3
1772 17720000 124.0
1773 17730000 42.0
1774 17740000 123.3
1775 17750000 46.7
1776 17760000 160.3
1777 17770000 125.3
1778 17780000 102.0
1779 17790000 38.3
1780 17800000 192.0
1781 17810000 87.7
1782 17820000 38.3
1783 17830000 49.0
1784 17840000 108.3
1785 17850000 168.0
1786 17860000 38.7
1787 17870000 143.3
1788 17880000 116.3
1789 17890000 79.3
1790 17900000 156.0
1791 17910000 47.3
1792 17920000 45.7
1793 17930000 15.0
1794 17940000 55.3
1795 17950000 157.0
1796 17960000 39.3
1797 17970000 74.0
1798 17980000 43.3
1799 17990000 58.0
1800 18000000 31.3
1801 18010000 221.0
1802 18020000 21.3
1803 18030000 45.7
1804 18040000 31.3
1805 18050000 129.3
1806 18060000 100.7
1807 18070000 104.0
1808 18080000 46.0
1809 18090000 78.0
1810 18100000 76.0
1811 18110000 29.3
1812 18120000 37.7
1813 18130000 77.3
1814 18140000 22.7
1815 18150000 118.0
1816 18160000 29.0
1817 18170000 20.3
1818 18180000 123.3
1819 18190000 43.7
1820 18200000 101.0
1821 18210000 181.7
1822 18220000 119.0
1823 18230000 45.0
1824 18240000 40.0
1825 18250000 135.7
1826 18260000 58.3
1827 18270000 17.0
1828 18280000 45.0
1829 18290000 31.7
1830 18300000 33.0
1831 18310000 15.3
1832 18320000 20.7
1833 18330000 21.7
1834 18340000 20.3
1835 18350000 12.3
1836 18360000 19.0
1837 18370000 51.0
1838 18380000 88.7
1839 18390000 120.3
1840 18400000 54.3
1841 18410000 135.3
1842 18420000 59.0
1843 18430000 128.0
1844 18440000 14.3
1845 18450000 36.7
1846 18460000 52.3
1847 18470000 94.3
1848 18480000 144.3
1849 18490000 31.3
1850 18500000 90.0
1851 18510000 61.7
1852 18520000 74.7
1853 18530000 85.0
1854 18540000 121.3
1855 18550000 75.7
1856 18560000 74.3
1857 18570000 98.3
1858 18580000 49.3
1859 18590000 87.0
1860 18600000 78.3
1861 18610000 157.0
1862 18620000 114.3
1863 18630000 171.3
1864 18640000 46.3
1865 18650000 43.3
1866 18660000 59.3
1867 18670000 141.7
1868 18680000 49.0
1869 18690000 62.0
1870 18700000 54.0
1871 18710000 76.0
1872 18720000 144.3
1873 18730000 128.3
1874 18740000 125.0
1875 18750000 58.7
1876 18760000 95.3
1877 18770000 46.0
1878 18780000 57.0
1879 18790000 45.0
1880 18800000 50.7
1881 18810000 121.7
1882 18820000 180.7
1883 18830000 26.3
1884 18840000 39.0
1885 18850000 134.7
1886 18860000 49.7
1887 18870000 57.0
1888 18880000 156.7
1889 18890000 193.3
1890 18900000 176.7
1891 18910000 52.7
1892 18920000 50.7
1893 18930000 45.3
1894 18940000 29.0
1895 18950000 81.0
1896 18960000 143.7
1897 18970000 87.0
1898 18980000 29.0
1899 18990000 23.3
1900 19000000 48.0
1901 19010000 52.3
1902 19020000 68.7
1903 19030000 117.3
1904 19040000 158.3
1905 19050000 52.7
1906 19060000 173.7
1907 19070000 208.0
1908 19080000 40.3
1909 19090000 135.0
1910 19100000 98.3
1911 19110000 58.0
1912 19120000 151.3
1913 19130000 66.7
1914 19140000 52.0
1915 19150000 120.7
1916 19160000 128.7
1917 19170000 74.7
1918 19180000 129.0
1919 19190000 39.3
1920 19200000 33.3
1921 19210000 98.7
1922 19220000 46.3
1923 19230000 140.7
1924 19240000 188.3
1925 19250000 131.3
1926 19260000 44.0
1927 19270000 58.7
1928 19280000 48.0
1929 19290000 42.0
1930 19300000 101.0
1931 19310000 44.3
1932 19320000 47.7
1933 19330000 38.3
1934 19340000 165.3
1935 19350000 45.3
1936 19360000 41.3
1937 19370000 147.7
1938 19380000 34.3
1939 19390000 21.7
1940 19400000 54.7
1941 19410000 64.3
1942 19420000 135.0
1943 19430000 97.0
1944 19440000 61.3
1945 19450000 120.7
1946 19460000 57.0
1947 19470000 43.3
1948 19480000 232.3
1949 19490000 215.3
1950 19500000 152.3
1951 19510000 76.0
1952 19520000 105.0
1953 19530000 63.3
1954 19540000 70.3
1955 19550000 248.7
1956 19560000 90.7
1957 19570000 249.3
1958 19580000 208.0
1959 19590000 171.7
1960 19600000 67.3
1961 19610000 83.3
1962 19620000 93.3
1963 19630000 60.7
1964 19640000 178.7
1965 19650000 140.7
1966 19660000 56.0
1967 19670000 69.3
1968 19680000 117.0
1969 19690000 39.0
1970 19700000 64.0
1971 19710000 165.0
1972 19720000 27.7
1973 19730000 27.7
1974 19740000 64.7
1975 19750000 33.7
1976 19760000 28.7
1977 19770000 177.7
1978 19780000 72.7
1979 19790000 149.7
1980 19800000 38.0
1981 19810000 32.3
1982 19820000 40.7
1983 19830000 132.7
1984 19840000 106.3
1985 19850000 210.3
1986 19860000 161.7
1987 19870000 119.3
1988 19880000 104.0
1989 19890000 64.3
1990 19900000 33.3
1991 19910000 126.0
1992 19920000 63.3
1993 19930000 41.0
1994 19940000 77.0
1995 19950000 67.7
1996 19960000 38.7
1997 19970000 88.3
1998 19980000 63.7
1999 19990000 53.0
2000 20000000 148.3
2001 20010000 39.7
2002 20020000 29.0
2003 20030000 47.7
2004 20040000 130.0
2005 20050000 52.7
2006 20060000 78.0
2007 20070000 37.7
2008 20080000 191.7
2009 20090000 61.7
2010 20100000 146.3
2011 20110000 93.3
2012 20120000 96.7
2013 20130000 153.0
2014 20140000 80.3
2015 20150000 46.7
2016 20160000 120.3
2017 20170000 114.0
2018 20180000 27.7
2019 20190000 45.0
2020 20200000 46.7
2021 20210000 18.7
2022 20220000 27.0
2023 20230000 83.0
2024 20240000 32.7
2025 20250000 138.7
2026 20260000 46.0
2027 20270000 67.7
2028 20280000 58.7
2029 20290000 157.0
2030 20300000 43.3
2031 20310000 108.7
2032 20320000 137.7
2033 20330000 245.7
2034 20340000 58.3
2035 20350000 73.0
2036 20360000 41.3
2037 20370000 232.3
2038 20380000 72.7
2039 20390000 39.3
2040 20400000 147.3
2041 20410000 80.7
2042 20420000 21.0
2043 20430000 72.7
2044 20440000 44.7
2045 20450000 175.0
2046 20460000 49.7
2047 20470000 16.7
2048 20480000 56.3
2049 20490000 41.0
2050 20500000 129.0
2051 20510000 37.0
2052 20520000 70.7
2053 20530000 116.0
2054 20540000 39.7
2055 20550000 196.7
2056 20560000 158.0
2057 20570000 120.0
2058 20580000 135.3
2059 20590000 147.0
2060 20600000 111.0
2061 20610000 78.7
2062 20620000 176.0
2063 20630000 154.3
2064 20640000 90.0
2065 20650000 25.0
2066 20660000 33.7
2067 20670000 24.7
2068 20680000 131.3
2069 20690000 155.0
2070 20700000 107.0
2071 20710000 81.0
2072 20720000 142.7
2073 20730000 133.7
2074 20740000 60.3
2075 20750000 108.3
2076 20760000 57.3
2077 20770000 30.3
2078 20780000 150.3
2079 20790000 53.0
2080 20800000 142.3
2081 20810000 51.7
2082 20820000 160.7
2083 20830000 124.0
2084 20840000 73.0
2085 20850000 207.7
2086 20860000 76.0
2087 20870000 47.0
2088 20880000 115.3
2089 20890000 102.7
2090 20900000 130.0
2091 20910000 49.7
2092 20920000 99.7
2093 20930000 118.7
2094 20940000 47.7
2095 20950000 25.0
2096 20960000 150.3
2097 20970000 51.7
2098 20980000 66.3
2099 20990000 204.7
2100 21000000 21.7
2101 21010000 29.3
2102 21020000 20.0
2103 21030000 142.3
2104 21040000 126.7
2105 21050000 72.0
2106 21060000 46.7
2107 21070000 58.0
2108 21080000 54.0
2109 21090000 45.0
2110 21100000 135.3
2111 21110000 107.7
2112 21120000 53.7
2113 21130000 210.3
2114 21140000 120.0
2115 21150000 28.7
2116 21160000 64.3
2117 21170000 59.3
2118 21180000 96.0
2119 21190000 64.3
2120 21200000 147.3
2121 21210000 98.0
2122 21220000 37.3
2123 21230000 33.3
2124 21240000 30.7
2125 21250000 138.0
2126 21260000 97.3
2127 21270000 93.3
2128 21280000 134.3
2129 21290000 52.3
2130 21300000 86.7
2131 21310000 37.0
2132 21320000 111.3
2133 21330000 238.0
2134 21340000 46.0
2135 21350000 31.3
2136 21360000 29.3
2137 21370000 117.0
2138 21380000 50.0
2139 21390000 29.7
2140 21400000 67.0
2141 21410000 53.7
2142 21420000 108.3
2143 21430000 112.0
2144 21440000 77.0
2145 21450000 51.3
2146 21460000 38.7
2147 21470000 141.0
2148 21480000 131.3
2149 21490000 112.3
2150 21500000 148.0
2151 21510000 31.7
2152 21520000 44.3
2153 21530000 134.3
2154 21540000 171.7
2155 21550000 43.3
2156 21560000 55.0
2157 21570000 141.0
2158 21580000 33.7
2159 21590000 25.3
2160 21600000 138.3
2161 21610000 50.7
2162 21620000 53.7
2163 21630000 27.3
2164 21640000 34.3
2165 21650000 36.7
2166 21660000 57.0
2167 21670000 34.7
2168 21680000 103.7
2169 21690000 62.3
2170 21700000 153.3
2171 21710000 182.3
2172 21720000 118.0
2173 21730000 213.0
2174 21740000 31.0
2175 21750000 64.3
2176 21760000 70.3
2177 21770000 129.7
2178 21780000 69.7
2179 21790000 69.7
2180 21800000 62.7
2181 21810000 149.7
2182 21820000 105.7
2183 21830000 75.0
2184 21840000 82.0
2185 21850000 56.3
2186 21860000 117.3
2187 21870000 46.0
2188 21880000 35.0
2189 21890000 14.7
2190 21900000 45.3
2191 21910000 55.7
2192 21920000 38.3
2193 21930000 39.3
2194 21940000 67.0
2195 21950000 128.3
2196 21960000 130.7
2197 21970000 124.0
2198 21980000 30.3
2199 21990000 114.7
2200 22000000 33.0
2201 22010000 123.7
2202 22020000 14.0
2203 22030000 52.3
2204 22040000 91.7
2205 22050000 53.0
2206 22060000 62.0
2207 22070000 48.3
2208 22080000 156.7
2209 22090000 49.7
2210 22100000 88.7
2211 22110000 132.3
2212 22120000 120.7
2213 22130000 24.3
2214 22140000 122.7
2215 22150000 115.0
2216 22160000 103.0
2217 22170000 80.0
2218 22180000 61.7
2219 22190000 37.3
2220 22200000 54.3
2221 22210000 140.0
2222 22220000 39.7
2223 22230000 44.3
2224 22240000 32.0
2225 22250000 119.3
2226 22260000 232.7
2227 22270000 64.3
2228 22280000 30.7
2229 22290000 31.3
2230 22300000 140.0
2231 22310000 10.7
2232 22320000 30.3
2233 22330000 270.0
2234 22340000 48.0
2235 22350000 119.0
2236 22360000 73.7
2237 22370000 36.0
2238 22380000 117.7
2239 22390000 38.7
2240 22400000 96.0
2241 22410000 94.0
2242 22420000 90.3
2243 22430000 29.3
2244 22440000 147.3
2245 22450000 28.7
2246 22460000 46.7
2247 22470000 135.0
2248 22480000 37.0
2249 22490000 21.0
2250 22500000 24.0
2251 22510000 107.3
2252 22520000 37.7
2253 22530000 166.0
2254 22540000 33.3
2255 22550000 160.7
2256 22560000 29.3
2257 22570000 47.0
2258 22580000 116.0
2259 22590000 137.0
2260 22600000 105.7
2261 22610000 131.7
2262 22620000 52.3
2263 22630000 123.0
2264 22640000 49.0
2265 22650000 43.3
2266 22660000 38.0
2267 22670000 106.0
2268 22680000 132.7
2269 22690000 199.7
2270 22700000 35.0
2271 22710000 30.7
2272 22720000 23.0
2273 22730000 30.3
2274 22740000 123.3
2275 22750000 29.3
2276 22760000 216.0
2277 22770000 205.0
2278 22780000 111.3
2279 22790000 180.3
2280 22800000 60.3
2281 22810000 33.7
2282 22820000 62.0
2283 22830000 165.3
2284 22840000 128.7
2285 22850000 38.7
2286 22860000 31.0
2287 22870000 58.0
2288 22880000 112.7
2289 22890000 45.7
2290 22900000 35.0
2291 22910000 117.7
2292 22920000 62.0
2293 22930000 43.3
2294 22940000 46.0
2295 22950000 57.7
2296 22960000 32.3
2297 22970000 130.3
2298 22980000 86.3
2299 22990000 68.7
2300 23000000 44.3
2301 23010000 69.0
2302 23020000 119.0
2303 23030000 106.7
2304 23040000 106.3
2305 23050000 99.0
2306 23060000 36.7
2307 23070000 80.3
2308 23080000 28.7
2309 23090000 42.7
2310 23100000 100.7
2311 23110000 57.3
2312 23120000 39.7
2313 23130000 45.3
2314 23140000 32.3
2315 23150000 23.0
2316 23160000 56.0
2317 23170000 49.0
2318 23180000 31.7
2319 23190000 57.3
2320 23200000 113.0
2321 23210000 125.7
2322 23220000 81.3
2323 23230000 125.3
2324 23240000 40.3
2325 23250000 35.0
2326 23260000 51.0
2327 23270000 43.0
2328 23280000 60.7
2329 23290000 117.3
2330 23300000 168.0
2331 23310000 115.3
2332 23320000 24.0
2333 23330000 44.0
2334 23340000 119.7
2335 23350000 26.7
2336 23360000 132.3
2337 23370000 28.7
2338 23380000 33.0
2339 23390000 195.3
2340 23400000 191.3
2341 23410000 48.7
2342 23420000 227.7
2343 23430000 80.7
2344 23440000 182.0
2345 23450000 29.0
2346 23460000 115.3
2347 23470000 29.3
2348 23480000 40.3
2349 23490000 216.0
2350 23500000 97.3
2351 23510000 48.7
2352 23520000 132.7
2353 23530000 234.0
2354 23540000 285.0
2355 23550000 55.3
2356 23560000 23.0
2357 23570000 44.3
2358 23580000 43.3
2359 23590000 88.0
2360 23600000 26.0
2361 23610000 69.0
2362 23620000 12.7
2363 23630000 38.3
2364 23640000 133.0
2365 23650000 92.3
2366 23660000 116.0
2367 23670000 52.0
2368 23680000 119.0
2369 23690000 33.7
2370 23700000 166.0
2371 23710000 229.7
2372 23720000 84.7
2373 23730000 64.0
2374 23740000 153.3
2375 23750000 159.7
2376 23760000 58.3
2377 23770000 59.0
2378 23780000 48.3
2379 23790000 164.3
2380 23800000 177.3
2381 23810000 162.3
2382 23820000 177.3
2383 23830000 59.7
2384 23840000 75.0
2385 23850000 24.3
2386 23860000 45.0
2387 23870000 141.0
2388 23880000 53.7
2389 23890000 183.0
2390 23900000 19.7
2391 23910000 69.0
2392 23920000 99.0
2393 23930000 82.7
2394 23940000 207.0
2395 23950000 142.7
2396 23960000 99.7
2397 23970000 62.7
2398 23980000 130.7
2399 23990000 76.7
2400 24000000 39.7
2401 24010000 36.3
2402 24020000 205.3
2403 24030000 131.0
2404 24040000 159.3
2405 24050000 31.7
2406 24060000 137.7
2407 24070000 36.3
2408 24080000 81.0
2409 24090000 156.0
2410 24100000 100.3
2411 24110000 29.0
2412 24120000 53.7
2413 24130000 153.3
2414 24140000 129.0
2415 24150000 212.7
2416 24160000 100.0
2417 24170000 34.0
2418 24180000 63.3
2419 24190000 65.0
2420 24200000 45.3
2421 24210000 27.3
2422 24220000 27.0
2423 24230000 123.7
2424 24240000 147.3
2425 24250000 83.7
2426 24260000 145.7
2427 24270000 30.7
2428 24280000 22.3
2429 24290000 77.3
2430 24300000 138.3
2431 24310000 231.7
2432 24320000 35.0
2433 24330000 33.7
2434 24340000 20.3
2435 24350000 24.0
2436 24360000 57.7
2437 24370000 121.3
2438 24380000 56.7
2439 24390000 61.0
2440 24400000 170.3
2441 24410000 149.7
2442 24420000 125.0
2443 24430000 120.3
2444 24440000 31.3
2445 24450000 153.0
2446 24460000 152.0
2447 24470000 40.0
2448 24480000 74.7
2449 24490000 95.0
2450 24500000 52.7
2451 24510000 68.0
2452 24520000 185.7
2453 24530000 131.7
2454 24540000 26.3
2455 24550000 106.3
2456 24560000 181.3
2457 24570000 166.7
2458 24580000 110.3
2459 24590000 58.7
2460 24600000 91.3
2461 24610000 245.0
2462 24620000 102.7
2463 24630000 231.7
2464 24640000 60.7
2465 24650000 82.3
2466 24660000 187.7
2467 24670000 133.0
2468 24680000 164.7
2469 24690000 47.0
2470 24700000 69.0
2471 24710000 117.3
2472 24720000 62.3
2473 24730000 137.3
2474 24740000 169.0
2475 24750000 172.7
2476 24760000 211.7
2477 24770000 33.3
2478 24780000 56.7
2479 24790000 111.0
2480 24800000 28.0
2481 24810000 50.7
2482 24820000 49.7
2483 24830000 61.7
2484 24840000 159.3
2485 24850000 93.0
2486 24860000 41.0
2487 24870000 184.3
2488 24880000 78.3
2489 24890000 251.3
2490 24900000 46.3
2491 24910000 152.3
2492 24920000 167.0
2493 24930000 180.3
2494 24940000 43.7
2495 24950000 105.7
2496 24960000 160.7
2497 24970000 108.3
2498 24980000 111.7
2499 24990000 46.7
2500 25000000 134.0
2501 25010000 131.3
2502 25020000 69.0
2503 25030000 74.3
2504 25040000 104.3
2505 25050000 118.3
2506 25060000 133.3
2507 25070000 43.3
2508 25080000 151.3
2509 25090000 109.7
2510 25100000 63.7
2511 25110000 179.7
2512 25120000 71.7
2513 25130000 138.0
2514 25140000 79.3
2515 25150000 237.0
2516 25160000 125.7
2517 25170000 240.7
2518 25180000 60.3
2519 25190000 194.7
2520 25200000 129.3
2521 25210000 57.3
2522 25220000 54.3
2523 25230000 67.7
2524 25240000 63.7
2525 25250000 151.7
2526 25260000 33.0
2527 25270000 69.0
2528 25280000 55.3
2529 25290000 158.3
2530 25300000 248.7
2531 25310000 57.7
2532 25320000 135.3
2533 25330000 81.0
2534 25340000 106.0
2535 25350000 198.3
2536 25360000 57.3
2537 25370000 77.0
2538 25380000 177.7
2539 25390000 163.7
2540 25400000 44.3
2541 25410000 79.3
2542 25420000 86.0
2543 25430000 56.0
2544 25440000 91.0
2545 25450000 115.7
2546 25460000 61.0
2547 25470000 125.0
2548 25480000 62.7
2549 25490000 190.7
2550 25500000 116.7
2551 25510000 146.3
2552 25520000 137.0
2553 25530000 202.3
2554 25540000 28.3
2555 25550000 23.7
2556 25560000 222.7
2557 25570000 56.7
2558 25580000 123.3
2559 25590000 62.0
2560 25600000 98.3
2561 25610000 230.7
2562 25620000 188.3
2563 25630000 157.3
2564 25640000 41.0
2565 25650000 119.7
2566 25660000 69.7
2567 25670000 32.3
2568 25680000 68.7
2569 25690000 122.3
2570 25700000 198.0
2571 25710000 30.3
2572 25720000 57.7
2573 25730000 31.7
2574 25740000 54.7
2575 25750000 104.0
2576 25760000 67.0
2577 25770000 136.0
2578 25780000 54.7
2579 25790000 45.3
2580 25800000 137.7
2581 25810000 39.0
2582 25820000 39.0
2583 25830000 36.0
2584 25840000 59.0
2585 25850000 38.7
2586 25860000 96.7
2587 25870000 92.3
2588 25880000 125.0
2589 25890000 88.3
2590 25900000 143.0
2591 25910000 59.7
2592 25920000 47.7
2593 25930000 100.3
2594 25940000 135.0
2595 25950000 52.7
2596 25960000 76.7
2597 25970000 57.7
2598 25980000 99.7
2599 25990000 38.7
2600 26000000 132.0
2601 26010000 73.7
2602 26020000 102.3
2603 26030000 82.7
2604 26040000 157.0
2605 26050000 76.7
2606 26060000 176.3
2607 26070000 73.0
2608 26080000 118.3
2609 26090000 128.7
2610 26100000 59.0
2611 26110000 73.3
2612 26120000 21.3
2613 26130000 44.0
2614 26140000 252.7
2615 26150000 49.0
2616 26160000 141.7
2617 26170000 64.0
2618 26180000 37.7
2619 26190000 40.3
2620 26200000 159.7
2621 26210000 75.0
2622 26220000 74.0
2623 26230000 56.7
2624 26240000 169.3
2625 26250000 62.0
2626 26260000 72.0
2627 26270000 77.3
2628 26280000 30.0
2629 26290000 151.3
2630 26300000 102.3
2631 26310000 139.3
2632 26320000 318.3
2633 26330000 92.3
2634 26340000 83.7
2635 26350000 81.3
2636 26360000 145.7
2637 26370000 39.7
2638 26380000 166.0
2639 26390000 86.7
2640 26400000 48.3
2641 26410000 88.7
2642 26420000 144.7
2643 26430000 55.0
2644 26440000 135.7
2645 26450000 37.3
2646 26460000 36.3
2647 26470000 80.0
2648 26480000 109.7
2649 26490000 55.3
2650 26500000 94.7
2651 26510000 42.3
2652 26520000 34.0
2653 26530000 88.7
2654 26540000 25.3
2655 26550000 57.0
2656 26560000 34.7
2657 26570000 125.3
2658 26580000 40.0
2659 26590000 123.0
2660 26600000 48.0
2661 26610000 41.3
2662 26620000 134.0
2663 26630000 32.3
2664 26640000 210.3
2665 26650000 90.3
2666 26660000 116.7
2667 26670000 116.7
2668 26680000 128.3
2669 26690000 180.3
2670 26700000 27.0
2671 26710000 72.7
2672 26720000 208.0
2673 26730000 82.7
2674 26740000 47.0
2675 26750000 218.3
2676 26760000 96.0
2677 26770000 209.3
2678 26780000 37.3
2679 26790000 226.0
2680 26800000 121.0
2681 26810000 51.0
2682 26820000 120.0
2683 26830000 124.7
2684 26840000 118.7
2685 26850000 170.7
2686 26860000 31.7
2687 26870000 165.0
2688 26880000 29.3
2689 26890000 45.3
2690 26900000 65.3
2691 26910000 104.0
2692 26920000 62.7
2693 26930000 108.0
2694 26940000 58.7
2695 26950000 39.3
2696 26960000 205.7
2697 26970000 51.0
2698 26980000 107.3
2699 26990000 238.3
2700 27000000 136.0
2701 27010000 43.3
2702 27020000 52.3
2703 27030000 31.0
2704 27040000 54.3
2705 27050000 98.3
2706 27060000 127.3
2707 27070000 125.3
2708 27080000 106.7
2709 27090000 72.0
2710 27100000 152.0
2711 27110000 160.3
2712 27120000 69.0
2713 27130000 101.0
2714 27140000 201.7
2715 27150000 42.7
2716 27160000 25.7
2717 27170000 80.0
2718 27180000 29.7
2719 27190000 114.3
2720 27200000 49.7
2721 27210000 65.0
2722 27220000 157.3
2723 27230000 27.3
2724 27240000 101.7
2725 27250000 137.0
2726 27260000 310.0
2727 27270000 145.0
2728 27280000 45.7
2729 27290000 50.0
2730 27300000 28.3
2731 27310000 97.3
2732 27320000 40.7
2733 27330000 151.7
2734 27340000 58.3
2735 27350000 84.3
2736 27360000 45.7
2737 27370000 23.7
2738 27380000 48.7
2739 27390000 121.0
2740 27400000 47.7
2741 27410000 210.0
2742 27420000 76.7
2743 27430000 179.3
2744 27440000 64.3
2745 27450000 114.3
2746 27460000 75.3
2747 27470000 44.7
2748 27480000 121.3
2749 27490000 74.3
2750 27500000 106.0
2751 27510000 180.3
2752 27520000 46.7
2753 27530000 42.7
2754 27540000 117.3
2755 27550000 39.7
2756 27560000 118.0
2757 27570000 47.0
2758 27580000 167.0
2759 27590000 262.7
2760 27600000 118.3
2761 27610000 57.7
2762 27620000 22.7
2763 27630000 145.7
2764 27640000 114.3
2765 27650000 158.3
2766 27660000 26.3
2767 27670000 45.3
2768 27680000 64.3
2769 27690000 133.7
2770 27700000 97.3
2771 27710000 26.7
2772 27720000 62.0
2773 27730000 187.7
2774 27740000 42.7
2775 27750000 153.3
2776 27760000 129.7
2777 27770000 247.7
2778 27780000 30.0
2779 27790000 127.3
2780 27800000 27.7
2781 27810000 46.7
2782 27820000 191.0
2783 27830000 65.7
2784 27840000 38.3
2785 27850000 39.7
2786 27860000 172.0
2787 27870000 142.0
2788 27880000 235.7
2789 27890000 71.7
2790 27900000 133.0
2791 27910000 150.7
2792 27920000 143.7
2793 27930000 35.0
2794 27940000 267.7
2795 27950000 167.0
2796 27960000 108.3
2797 27970000 140.3
2798 27980000 69.0
2799 27990000 93.7
2800 28000000 48.7
2801 28010000 218.0
2802 28020000 39.7
2803 28030000 126.7
2804 28040000 18.0
2805 28050000 61.7
2806 28060000 208.7
2807 28070000 12.0
2808 28080000 125.0
2809 28090000 179.0
2810 28100000 107.7
2811 28110000 49.7
2812 28120000 33.7
2813 28130000 20.7
2814 28140000 52.3
2815 28150000 53.3
2816 28160000 38.3
2817 28170000 86.7
2818 28180000 188.0
2819 28190000 49.3
2820 28200000 69.7
2821 28210000 43.3
2822 28220000 109.3
2823 28230000 17.7
2824 28240000 148.7
2825 28250000 25.7
2826 28260000 120.3
2827 28270000 31.3
2828 28280000 92.0
2829 28290000 69.7
2830 28300000 144.3
2831 28310000 67.0
2832 28320000 46.3
2833 28330000 162.3
2834 28340000 79.7
2835 28350000 67.3
2836 28360000 42.7
2837 28370000 36.0
2838 28380000 28.3
2839 28390000 17.3
2840 28400000 53.7
2841 28410000 22.7
2842 28420000 123.0
2843 28430000 51.7
2844 28440000 222.0
2845 28450000 173.7
2846 28460000 53.0
2847 28470000 93.7
2848 28480000 96.7
2849 28490000 193.0
2850 28500000 245.0
2851 28510000 36.7
2852 28520000 61.0
2853 28530000 57.7
2854 28540000 53.0
2855 28550000 73.3
2856 28560000 186.0
2857 28570000 63.3
2858 28580000 154.0
2859 28590000 45.0
2860 28600000 49.7
2861 28610000 225.7
2862 28620000 51.7
2863 28630000 63.3
2864 28640000 147.0
2865 28650000 203.0
2866 28660000 59.7
2867 28670000 77.7
2868 28680000 55.7
2869 28690000 37.3
2870 28700000 154.7
2871 28710000 68.7
2872 28720000 115.3
2873 28730000 44.7
2874 28740000 102.7
2875 28750000 302.0
2876 28760000 13.7
2877 28770000 110.7
2878 28780000 231.7
2879 28790000 94.3
2880 28800000 32.7
2881 28810000 43.0
2882 28820000 27.7
2883 28830000 220.0
2884 28840000 72.3
2885 28850000 75.7
2886 28860000 44.0
2887 28870000 28.7
2888 28880000 46.0
2889 28890000 136.3
2890 28900000 41.3
2891 28910000 157.3
2892 28920000 352.7
2893 28930000 146.7
2894 28940000 118.3
2895 28950000 152.3
2896 28960000 117.0
2897 28970000 83.7
2898 28980000 44.3
2899 28990000 111.3
2900 29000000 148.0
2901 29010000 42.0
2902 29020000 145.7
2903 29030000 134.0
2904 29040000 42.3
2905 29050000 109.7
2906 29060000 196.3
2907 29070000 136.0
2908 29080000 78.3
2909 29090000 176.0
2910 29100000 24.7
2911 29110000 33.0
2912 29120000 73.3
2913 29130000 155.7
2914 29140000 62.0
2915 29150000 45.7
2916 29160000 77.3
2917 29170000 65.3
2918 29180000 31.7
2919 29190000 55.7
2920 29200000 245.7
2921 29210000 177.7
2922 29220000 51.7
2923 29230000 116.7
2924 29240000 72.3
2925 29250000 66.0
2926 29260000 68.3
2927 29270000 55.0
2928 29280000 58.3
2929 29290000 62.7
2930 29300000 166.3
2931 29310000 59.7
2932 29320000 132.3
2933 29330000 96.3
2934 29340000 24.7
2935 29350000 26.3
2936 29360000 67.0
2937 29370000 175.3
2938 29380000 39.0
2939 29390000 78.3
2940 29400000 123.3
2941 29410000 30.7
2942 29420000 122.0
2943 29430000 67.3
2944 29440000 43.3
2945 29450000 172.0
2946 29460000 230.0
2947 29470000 125.7
2948 29480000 151.0
2949 29490000 195.3
2950 29500000 84.7
2951 29510000 213.3
2952 29520000 82.7
2953 29530000 113.7
2954 29540000 186.0
2955 29550000 41.3
2956 29560000 27.3
2957 29570000 45.7
2958 29580000 35.3
2959 29590000 46.3
2960 29600000 76.3
2961 29610000 85.3
2962 29620000 50.7
2963 29630000 39.3
2964 29640000 60.7
2965 29650000 115.3
2966 29660000 71.3
2967 29670000 55.7
2968 29680000 77.3
2969 29690000 156.7
2970 29700000 132.0
2971 29710000 60.7
2972 29720000 50.7
2973 29730000 109.0
2974 29740000 42.3
2975 29750000 78.3
2976 29760000 33.7
2977 29770000 57.3
2978 29780000 28.7
2979 29790000 33.3
2980 29800000 120.7
2981 29810000 128.0
2982 29820000 103.7
2983 29830000 186.7
2984 29840000 87.0
2985 29850000 59.3
2986 29860000 82.3
2987 29870000 74.0
2988 29880000 132.3
2989 29890000 119.0
2990 29900000 14.0
2991 29910000 80.0
2992 29920000 145.3
2993 29930000 36.7
2994 29940000 56.0
2995 29950000 72.7
2996 29960000 39.0
2997 29970000 97.0
2998 29980000 193.0
2999 29990000 244.3
3000 30000000 156.0
3001 30010000 46.7
3002 30020000 141.3
3003 30030000 109.0
3004 30040000 142.3
3005 30050000 48.3
3006 30060000 57.3
3007 30070000 107.7
3008 30080000 150.3
3009 30090000 57.7
3010 30100000 19.3
3011 30110000 55.0
3012 30120000 54.3
3013 30130000 50.0
3014 30140000 373.0
3015 30150000 57.0
3016 30160000 55.0
3017 30170000 47.0
3018 30180000 42.7
3019 30190000 159.3
3020 30200000 53.0
3021 30210000 66.3
3022 30220000 62.7
3023 30230000 84.3
3024 30240000 129.0
3025 30250000 261.7
3026 30260000 57.0
3027 30270000 80.3
3028 30280000 33.3
3029 30290000 249.3
3030 30300000 155.3
3031 30310000 124.0
3032 30320000 31.0
3033 30330000 26.3
3034 30340000 27.0
3035 30350000 30.0
3036 30360000 18.0
3037 30370000 58.7
3038 30380000 69.3
3039 30390000 13.0
3040 30400000 68.3
3041 30410000 52.0
3042 30420000 76.3
3043 30430000 158.7
3044 30440000 57.0
3045 30450000 76.0
3046 30460000 139.3
3047 30470000 163.7
3048 30480000 140.3
3049 30490000 126.0
3050 30500000 57.3
3051 30510000 44.0
3052 30520000 210.0
3053 30530000 270.3
3054 30540000 304.3
3055 30550000 65.3
3056 30560000 143.0
3057 30570000 243.7
3058 30580000 94.7
3059 30590000 50.3
3060 30600000 67.7
3061 30610000 58.7
3062 30620000 27.3
3063 30630000 223.3
3064 30640000 35.7
3065 30650000 18.0
3066 30660000 22.0
3067 30670000 14.7
3068 30680000 70.0
3069 30690000 137.0
3070 30700000 195.7
3071 30710000 251.3
3072 30720000 162.0
3073 30730000 64.7
3074 30740000 160.7
3075 30750000 144.3
3076 30760000 98.7
3077 30770000 150.7
3078 30780000 29.0
3079 30790000 51.0
3080 30800000 124.7
3081 30810000 58.0
3082 30820000 156.3
3083 30830000 91.0
3084 30840000 38.0
3085 30850000 109.3
3086 30860000 241.7
3087 30870000 54.0
3088 30880000 71.3
3089 30890000 224.7
3090 30900000 35.7
3091 30910000 163.3
3092 30920000 149.3
3093 30930000 37.7
3094 30940000 106.0
3095 30950000 333.7
3096 30960000 47.7
3097 30970000 171.3
3098 30980000 138.3
3099 30990000 45.3
3100 31000000 60.3
3101 31010000 161.3
3102 31020000 56.7
3103 31030000 216.3
3104 31040000 38.3
3105 31050000 33.3
3106 31060000 49.0
3107 31070000 50.7
3108 31080000 91.7
3109 31090000 28.7
3110 31100000 164.7
3111 31110000 29.3
3112 31120000 202.3
3113 31130000 47.0
3114 31140000 24.0
3115 31150000 112.7
3116 31160000 125.7
3117 31170000 32.0
3118 31180000 120.3
3119 31190000 57.7
3120 31200000 254.3
3121 31210000 65.7
3122 31220000 148.7
3123 31230000 56.7
3124 31240000 123.7
3125 31250000 114.3
3126 31260000 55.7
3127 31270000 40.3
3128 31280000 148.7
3129 31290000 152.7
3130 31300000 163.3
3131 31310000 31.7
3132 31320000 81.7
3133 31330000 212.3
3134 31340000 42.3
3135 31350000 123.3
3136 31360000 32.3
3137 31370000 26.7
3138 31380000 49.7
3139 31390000 39.7
3140 31400000 36.0
3141 31410000 64.3
3142 31420000 40.0
3143 31430000 26.3
3144 31440000 84.3
3145 31450000 24.0
3146 31460000 42.3
3147 31470000 58.7
3148 31480000 59.0
3149 31490000 262.0
3150 31500000 64.3
3151 31510000 191.0
3152 31520000 119.7
3153 31530000 60.7
3154 31540000 169.7
3155 31550000 170.7
3156 31560000 74.3
3157 31570000 256.7
3158 31580000 162.7
3159 31590000 178.0
3160 31600000 59.3
3161 31610000 63.0
3162 31620000 62.7
3163 31630000 57.0
3164 31640000 202.0
3165 31650000 31.0
3166 31660000 264.0
3167 31670000 191.7
3168 31680000 196.3
3169 31690000 176.0
3170 31700000 28.0
3171 31710000 82.7
3172 31720000 123.3
3173 31730000 27.0
3174 31740000 14.7
3175 31750000 133.3
3176 31760000 65.0
3177 31770000 397.0
3178 31780000 51.0
3179 31790000 33.7
3180 31800000 144.3
3181 31810000 141.7
3182 31820000 238.3
3183 31830000 101.3
3184 31840000 38.0
3185 31850000 60.7
3186 31860000 47.3
3187 31870000 75.7
3188 31880000 288.3
3189 31890000 177.7
3190 31900000 39.3
3191 31910000 98.0
3192 31920000 60.7
3193 31930000 179.3
3194 31940000 60.3
3195 31950000 118.7
3196 31960000 144.3
3197 31970000 43.0
3198 31980000 184.3
3199 31990000 212.3
3200 32000000 92.0
3201 32010000 42.0
3202 32020000 233.0
3203 32030000 160.3
3204 32040000 81.3
3205 32050000 148.7
3206 32060000 145.7
3207 32070000 78.0
3208 32080000 128.7
3209 32090000 150.0
3210 32100000 148.0
3211 32110000 247.3
3212 32120000 177.3
3213 32130000 83.7
3214 32140000 61.0
3215 32150000 143.3
3216 32160000 58.3
3217 32170000 16.0
3218 32180000 25.0
3219 32190000 42.3
3220 32200000 51.7
3221 32210000 40.3
3222 32220000 133.0
3223 32230000 130.3
3224 32240000 151.7
3225 32250000 134.7
3226 32260000 138.3
3227 32270000 167.0
3228 32280000 81.0
3229 32290000 74.3
3230 32300000 116.7
3231 32310000 33.3
3232 32320000 125.3
3233 32330000 252.7
3234 32340000 78.0
3235 32350000 40.3
3236 32360000 247.7
3237 32370000 170.3
3238 32380000 37.3
3239 32390000 177.3
3240 32400000 270.0
3241 32410000 87.3
3242 32420000 47.7
3243 32430000 190.3
3244 32440000 50.3
3245 32450000 108.0
3246 32460000 82.0
3247 32470000 140.0
3248 32480000 158.0
3249 32490000 147.7
3250 32500000 76.7
3251 32510000 241.7
3252 32520000 190.0
3253 32530000 126.3
3254 32540000 56.0
3255 32550000 63.3
3256 32560000 105.3
3257 32570000 100.3
3258 32580000 42.7
3259 32590000 263.3
3260 32600000 68.0
3261 32610000 196.7
3262 32620000 100.7
3263 32630000 145.7
3264 32640000 153.3
3265 32650000 119.3
3266 32660000 64.7
3267 32670000 61.3
3268 32680000 49.7
3269 32690000 170.3
3270 32700000 133.0
3271 32710000 192.3
3272 32720000 46.0
3273 32730000 125.3
3274 32740000 29.3
3275 32750000 100.3
3276 32760000 65.3
3277 32770000 56.3
3278 32780000 142.3
3279 32790000 154.0
3280 32800000 224.3
3281 32810000 41.0
3282 32820000 37.0
3283 32830000 83.0
3284 32840000 80.3
3285 32850000 93.3
3286 32860000 112.0
3287 32870000 135.3
3288 32880000 65.0
3289 32890000 244.3
3290 32900000 159.7
3291 32910000 47.0
3292 32920000 144.0
3293 32930000 138.7
3294 32940000 132.0
3295 32950000 62.7
3296 32960000 161.0
3297 32970000 68.7
3298 32980000 36.3
3299 32990000 114.7
3300 33000000 175.0
3301 33010000 131.7
3302 33020000 126.7
3303 33030000 65.0
3304 33040000 173.0
3305 33050000 31.0
3306 33060000 26.3
3307 33070000 227.7
3308 33080000 134.3
3309 33090000 61.7
3310 33100000 68.7
3311 33110000 46.7
3312 33120000 40.3
3313 33130000 143.3
3314 33140000 80.3
3315 33150000 159.3
3316 33160000 70.3
3317 33170000 113.7
3318 33180000 15.0
3319 33190000 59.3
3320 33200000 140.3
3321 33210000 52.7
3322 33220000 137.3
3323 33230000 75.0
3324 33240000 37.0
3325 33250000 31.0
3326 33260000 242.0
3327 33270000 13.3
3328 33280000 125.0
3329 33290000 174.3
3330 33300000 28.0
3331 33310000 30.7
3332 33320000 33.7
3333 33330000 39.0
3334 33340000 44.0
3335 33350000 216.7
3336 33360000 61.0
3337 33370000 40.7
3338 33380000 27.0
3339 33390000 49.3
3340 33400000 74.7
3341 33410000 172.0
3342 33420000 273.0
3343 33430000 117.7
3344 33440000 31.0
3345 33450000 135.0
3346 33460000 92.0
3347 33470000 159.0
3348 33480000 47.7
3349 33490000 48.3
3350 33500000 57.3
3351 33510000 51.7
3352 33520000 26.7
3353 33530000 134.0
3354 33540000 293.7
3355 33550000 141.3
3356 33560000 255.3
3357 33570000 161.7
3358 33580000 54.7
3359 33590000 147.7
3360 33600000 37.3
3361 33610000 113.0
3362 33620000 63.3
3363 33630000 235.3
3364 33640000 53.0
3365 33650000 256.7
3366 33660000 85.0
3367 33670000 125.3
3368 33680000 70.0
3369 33690000 152.3
3370 33700000 68.0
3371 33710000 51.7
3372 33720000 35.0
3373 33730000 39.0
3374 33740000 27.3
3375 33750000 59.7
3376 33760000 63.7
3377 33770000 133.7
3378 33780000 219.0
3379 33790000 48.0
3380 33800000 28.0
3381 33810000 99.0
3382 33820000 120.7
3383 33830000 49.7
3384 33840000 35.7
3385 33850000 119.3
3386 33860000 27.3
3387 33870000 30.0
3388 33880000 84.0
3389 33890000 26.7
3390 33900000 79.0
3391 33910000 160.7
3392 33920000 40.0
3393 33930000 61.3
3394 33940000 35.3
3395 33950000 16.0
3396 33960000 122.7
3397 33970000 31.0
3398 33980000 130.7
3399 33990000 37.3
3400 34000000 143.3
3401 34010000 245.3
3402 34020000 97.7
3403 34030000 114.3
3404 34040000 147.3
3405 34050000 31.3
3406 34060000 28.7
3407 34070000 26.0
3408 34080000 42.3
3409 34090000 181.7
3410 34100000 39.3
3411 34110000 23.0
3412 34120000 38.7
3413 34130000 146.3
3414 34140000 36.7
3415 34150000 146.0
3416 34160000 40.0
3417 34170000 39.7
3418 34180000 148.7
3419 34190000 117.0
3420 34200000 65.0
3421 34210000 37.3
3422 34220000 149.3
3423 34230000 37.7
3424 34240000 48.3
3425 34250000 100.3
3426 34260000 53.0
3427 34270000 110.7
3428 34280000 184.0
3429 34290000 160.7
3430 34300000 149.3
3431 34310000 29.7
3432 34320000 74.7
3433 34330000 64.0
3434 34340000 157.7
3435 34350000 178.0
3436 34360000 144.7
3437 34370000 18.7
3438 34380000 47.3
3439 34390000 123.0
3440 34400000 74.7
3441 34410000 138.0
3442 34420000 160.3
3443 34430000 171.0
3444 34440000 32.7
3445 34450000 53.7
3446 34460000 25.3
3447 34470000 141.0
3448 34480000 26.0
3449 34490000 54.0
3450 34500000 39.3
3451 34510000 205.0
3452 34520000 174.7
3453 34530000 63.0
3454 34540000 134.7
3455 34550000 59.3
3456 34560000 110.7
3457 34570000 235.3
3458 34580000 53.0
3459 34590000 95.0
3460 34600000 93.7
3461 34610000 29.7
3462 34620000 90.0
3463 34630000 29.7
3464 34640000 225.7
3465 34650000 40.0
3466 34660000 106.0
3467 34670000 39.3
3468 34680000 56.3
3469 34690000 136.0
3470 34700000 24.0
3471 34710000 138.3
3472 34720000 39.7
3473 34730000 36.3
3474 34740000 59.0
3475 34750000 134.3
3476 34760000 54.3
3477 34770000 248.3
3478 34780000 80.3
3479 34790000 36.3
3480 34800000 56.0
3481 34810000 119.7
3482 34820000 60.7
3483 34830000 60.0
3484 34840000 31.3
3485 34850000 193.3
3486 34860000 43.7
3487 34870000 142.0
3488 34880000 110.7
3489 34890000 68.3
3490 34900000 195.7
3491 34910000 44.7
3492 34920000 40.3
3493 34930000 180.3
3494 34940000 201.0
3495 34950000 141.0
3496 34960000 71.0
3497 34970000 36.7
3498 34980000 57.0
3499 34990000 62.3
3500 35000000 104.0
3501 35010000 114.7
3502 35020000 60.3
3503 35030000 41.0
3504 35040000 68.7
3505 35050000 31.7
3506 35060000 129.0
3507 35070000 155.0
3508 35080000 109.0
3509 35090000 74.0
3510 35100000 265.0
3511 35110000 148.7
3512 35120000 43.0
3513 35130000 50.3
3514 35140000 110.7
3515 35150000 46.0
3516 35160000 133.3
3517 35170000 144.3
3518 35180000 109.7
3519 35190000 232.0
3520 35200000 44.7
3521 35210000 178.7
3522 35220000 70.7
3523 35230000 73.0
3524 35240000 29.0
3525 35250000 23.7
3526 35260000 47.0
3527 35270000 227.7
3528 35280000 57.3
3529 35290000 25.3
3530 35300000 53.3
3531 35310000 226.3
3532 35320000 173.7
3533 35330000 190.7
3534 35340000 29.0
3535 35350000 50.3
3536 35360000 93.3
3537 35370000 108.7
3538 35380000 59.7
3539 35390000 59.7
3540 35400000 59.0
3541 35410000 153.7
3542 35420000 245.0
3543 35430000 34.3
3544 35440000 360.0
3545 35450000 69.7
3546 35460000 71.3
3547 35470000 163.7
3548 35480000 25.3
3549 35490000 148.7
3550 35500000 69.0
3551 35510000 97.0
3552 35520000 263.3
3553 35530000 72.0
3554 35540000 70.0
3555 35550000 98.7
3556 35560000 31.7
3557 35570000 44.7
3558 35580000 49.0
3559 35590000 188.7
3560 35600000 180.0
3561 35610000 242.0
3562 35620000 173.7
3563 35630000 48.7
3564 35640000 173.0
3565 35650000 28.7
3566 35660000 76.0
3567 35670000 46.3
3568 35680000 105.7
3569 35690000 32.3
3570 35700000 48.7
3571 35710000 69.3
3572 35720000 56.7
3573 35730000 70.0
3574 35740000 40.0
3575 35750000 218.3
3576 35760000 63.7
3577 35770000 145.3
3578 35780000 46.0
3579 35790000 178.3
3580 35800000 68.7
3581 35810000 45.7
3582 35820000 218.3
3583 35830000 91.7
3584 35840000 145.0
3585 35850000 18.7
3586 35860000 28.7
3587 35870000 49.0
3588 35880000 135.3
3589 35890000 36.7
3590 35900000 65.0
3591 35910000 133.0
3592 35920000 144.0
3593 35930000 188.0
3594 35940000 69.3
3595 35950000 81.3
3596 35960000 133.0
3597 35970000 150.3
3598 35980000 137.0
3599 35990000 139.7
3600 36000000 74.0
3601 36010000 46.0
3602 36020000 129.0
3603 36030000 64.3
3604 36040000 101.3
3605 36050000 28.3
3606 36060000 221.3
3607 36070000 113.3
3608 36080000 261.3
3609 36090000 44.3
3610 36100000 32.0
3611 36110000 20.3
3612 36120000 26.7
3613 36130000 30.3
3614 36140000 30.3
3615 36150000 30.0
3616 36160000 130.3
3617 36170000 35.3
3618 36180000 55.7
3619 36190000 27.0
3620 36200000 57.0
3621 36210000 250.7
3622 36220000 149.7
3623 36230000 152.0
3624 36240000 132.0
3625 36250000 50.0
3626 36260000 58.3
3627 36270000 131.3
3628 36280000 56.3
3629 36290000 42.3
3630 36300000 202.0
3631 36310000 143.0
3632 36320000 51.0
3633 36330000 152.0
3634 36340000 59.0
3635 36350000 87.3
3636 36360000 176.3
3637 36370000 49.3
3638 36380000 155.3
3639 36390000 110.0
3640 36400000 107.7
3641 36410000 33.7
3642 36420000 53.0
3643 36430000 16.0
3644 36440000 120.0
3645 36450000 124.0
3646 36460000 154.7
3647 36470000 119.3
3648 36480000 38.0
3649 36490000 50.7
3650 36500000 162.3
3651 36510000 173.7
3652 36520000 113.0
3653 36530000 127.0
3654 36540000 41.3
3655 36550000 98.0
3656 36560000 19.7
3657 36570000 26.7
3658 36580000 15.0
3659 36590000 33.7
3660 36600000 35.3
3661 36610000 57.3
3662 36620000 125.0
3663 36630000 22.7
3664 36640000 271.3
3665 36650000 15.3
3666 36660000 152.7
3667 36670000 150.0
3668 36680000 108.7
3669 36690000 46.7
3670 36700000 15.7
3671 36710000 74.0
3672 36720000 20.7
3673 36730000 63.3
3674 36740000 18.0
3675 36750000 36.0
3676 36760000 159.0
3677 36770000 109.0
3678 36780000 39.0
3679 36790000 14.7
3680 36800000 48.7
3681 36810000 62.7
3682 36820000 68.3
3683 36830000 30.3
3684 36840000 50.0
3685 36850000 166.3
3686 36860000 189.7
3687 36870000 49.3
3688 36880000 128.7
3689 36890000 112.7
3690 36900000 35.7
3691 36910000 77.0
3692 36920000 91.7
3693 36930000 47.7
3694 36940000 144.0
3695 36950000 139.7
3696 36960000 26.3
3697 36970000 159.3
3698 36980000 40.3
3699 36990000 98.3
3700 37000000 182.3
3701 37010000 58.0
3702 37020000 94.3
3703 37030000 156.0
3704 37040000 51.3
3705 37050000 255.0
3706 37060000 139.3
3707 37070000 28.3
3708 37080000 149.0
3709 37090000 105.7
3710 37100000 122.7
3711 37110000 37.3
3712 37120000 162.0
3713 37130000 43.3
3714 37140000 87.3
3715 37150000 254.0
3716 37160000 281.0
3717 37170000 132.0
3718 37180000 48.7
3719 37190000 162.3
3720 37200000 59.7
3721 37210000 82.0
3722 37220000 115.7
3723 37230000 80.7
3724 37240000 85.0
3725 37250000 252.3
3726 37260000 31.7
3727 37270000 62.7
3728 37280000 177.0
3729 37290000 249.7
3730 37300000 30.3
3731 37310000 70.0
3732 37320000 71.3
3733 37330000 156.0
3734 37340000 49.3
3735 37350000 274.3
3736 37360000 35.3
3737 37370000 50.7
3738 37380000 18.3
3739 37390000 43.7
3740 37400000 199.3
3741 37410000 42.7
3742 37420000 234.7
3743 37430000 50.7
3744 37440000 123.7
3745 37450000 53.3
3746 37460000 91.0
3747 37470000 49.3
3748 37480000 103.0
3749 37490000 312.0
3750 37500000 28.7
3751 37510000 66.0
3752 37520000 48.7
3753 37530000 150.0
3754 37540000 190.3
3755 37550000 156.3
3756 37560000 14.7
3757 37570000 28.0
3758 37580000 28.3
3759 37590000 35.3
3760 37600000 26.3
3761 37610000 159.7
3762 37620000 184.3
3763 37630000 169.0
3764 37640000 49.0
3765 37650000 131.0
3766 37660000 67.3
3767 37670000 49.0
3768 37680000 128.3
3769 37690000 33.0
3770 37700000 52.7
3771 37710000 56.7
3772 37720000 77.3
3773 37730000 69.3
3774 37740000 80.3
3775 37750000 163.0
3776 37760000 59.7
3777 37770000 252.0
3778 37780000 135.0
3779 37790000 112.0
3780 37800000 51.0
3781 37810000 202.0
3782 37820000 48.3
3783 37830000 43.3
3784 37840000 21.7
3785 37850000 68.0
3786 37860000 65.7
3787 37870000 168.7
3788 37880000 12.0
3789 37890000 212.3
3790 37900000 81.0
3791 37910000 41.3
3792 37920000 39.3
3793 37930000 41.0
3794 37940000 186.0
3795 37950000 150.7
3796 37960000 46.7
3797 37970000 164.0
3798 37980000 136.7
3799 37990000 46.3
3800 38000000 104.0
3801 38010000 89.0
3802 38020000 63.3
3803 38030000 48.3
3804 38040000 224.0
3805 38050000 145.0
3806 38060000 130.7
3807 38070000 135.7
3808 38080000 155.3
3809 38090000 138.0
3810 38100000 94.3
3811 38110000 95.0
3812 38120000 30.7
3813 38130000 44.0
3814 38140000 66.0
3815 38150000 46.3
3816 38160000 43.7
3817 38170000 138.3
3818 38180000 40.7
3819 38190000 306.3
3820 38200000 46.0
3821 38210000 43.0
3822 38220000 36.3
3823 38230000 43.0
3824 38240000 76.7
3825 38250000 96.0
3826 38260000 42.7
3827 38270000 34.7
3828 38280000 45.3
3829 38290000 37.7
3830 38300000 20.7
3831 38310000 44.7
3832 38320000 149.7
3833 38330000 61.3
3834 38340000 42.7
3835 38350000 40.0
3836 38360000 94.3
3837 38370000 60.3
3838 38380000 68.7
3839 38390000 52.3
3840 38400000 52.0
3841 38410000 48.7
3842 38420000 21.3
3843 38430000 175.7
3844 38440000 157.0
3845 38450000 47.0
3846 38460000 222.0
3847 38470000 138.0
3848 38480000 50.3
3849 38490000 38.3
3850 38500000 260.0
3851 38510000 22.7
3852 38520000 27.3
3853 38530000 15.7
3854 38540000 396.0
3855 38550000 53.3
3856 38560000 42.7
3857 38570000 46.3
3858 38580000 29.3
3859 38590000 38.7
3860 38600000 39.7
3861 38610000 45.3
3862 38620000 58.7
3863 38630000 21.7
3864 38640000 129.0
3865 38650000 123.3
3866 38660000 109.0
3867 38670000 171.7
3868 38680000 51.7
3869 38690000 78.7
3870 38700000 59.3
3871 38710000 169.7
3872 38720000 32.0
3873 38730000 236.3
3874 38740000 28.0
3875 38750000 43.7
3876 38760000 90.3
3877 38770000 43.3
3878 38780000 39.3
3879 38790000 64.0
3880 38800000 36.3
3881 38810000 18.3
3882 38820000 110.3
3883 38830000 37.3
3884 38840000 53.0
3885 38850000 99.3
3886 38860000 52.7
3887 38870000 65.7
3888 38880000 155.3
3889 38890000 40.0
3890 38900000 45.3
3891 38910000 130.7
3892 38920000 27.3
3893 38930000 25.0
3894 38940000 61.3
3895 38950000 50.0
3896 38960000 35.3
3897 38970000 135.7
3898 38980000 48.3
3899 38990000 144.3
3900 39000000 120.3
3901 39010000 110.3
3902 39020000 112.0
3903 39030000 32.7
3904 39040000 86.3
3905 39050000 123.7
3906 39060000 153.3
3907 39070000 58.3
3908 39080000 90.3
3909 39090000 45.0
3910 39100000 107.7
3911 39110000 95.7
3912 39120000 281.0
3913 39130000 132.7
3914 39140000 166.7
3915 39150000 34.7
3916 39160000 38.3
3917 39170000 205.0
3918 39180000 157.0
3919 39190000 170.3
3920 39200000 44.0
3921 39210000 27.7
3922 39220000 53.7
3923 39230000 129.3
3924 39240000 188.0
3925 39250000 169.3
3926 39260000 121.3
3927 39270000 25.7
3928 39280000 77.7
3929 39290000 251.3
3930 39300000 233.3
3931 39310000 68.7
3932 39320000 19.0
3933 39330000 30.7
3934 39340000 134.7
3935 39350000 40.3
3936 39360000 43.3
3937 39370000 53.7
3938 39380000 40.0
3939 39390000 72.7
3940 39400000 129.0
3941 39410000 65.7
3942 39420000 156.3
3943 39430000 50.0
3944 39440000 66.7
3945 39450000 72.0
3946 39460000 54.0
3947 39470000 132.0
3948 39480000 38.7
3949 39490000 24.3
3950 39500000 34.7
3951 39510000 34.0
3952 39520000 28.0
3953 39530000 52.3
3954 39540000 139.7
3955 39550000 72.3
3956 39560000 59.3
3957 39570000 162.7
3958 39580000 142.0
3959 39590000 53.3
3960 39600000 168.3
3961 39610000 92.3
3962 39620000 39.3
3963 39630000 159.0
3964 39640000 68.7
3965 39650000 42.3
3966 39660000 38.7
3967 39670000 106.3
3968 39680000 55.3
3969 39690000 122.3
3970 39700000 153.7
3971 39710000 69.7
3972 39720000 132.3
3973 39730000 289.7
3974 39740000 133.7
3975 39750000 146.7
3976 39760000 171.7
3977 39770000 146.7
3978 39780000 29.3
3979 39790000 271.3
3980 39800000 34.7
3981 39810000 90.7
3982 39820000 162.0
3983 39830000 190.3
3984 39840000 154.0
3985 39850000 93.0
3986 39860000 85.7
3987 39870000 28.0
3988 39880000 29.0
3989 39890000 122.0
3990 39900000 173.0
3991 39910000 89.7
3992 39920000 254.3
3993 39930000 44.7
3994 39940000 51.3
3995 39950000 185.3
3996 39960000 157.0
3997 39970000 61.7
3998 39980000 37.7
3999 39990000 17.3
4000 40000000 98.3
4001 40010000 163.7
4002 40020000 43.7
4003 40030000 117.0
4004 40040000 216.7
4005 40050000 51.3
4006 40060000 178.7
4007 40070000 125.7
4008 40080000 51.3
4009 40090000 123.7
4010 40100000 34.7
4011 40110000 45.3
4012 40120000 192.7
4013 40130000 49.7
4014 40140000 111.3
4015 40150000 145.7
4016 40160000 58.7
4017 40170000 61.3
4018 40180000 182.3
4019 40190000 60.3
4020 40200000 45.0
4021 40210000 101.0
4022 40220000 49.3
4023 40230000 159.3
4024 40240000 142.0
4025 40250000 13.3
4026 40260000 51.7
4027 40270000 40.7
4028 40280000 186.0
4029 40290000 109.0
4030 40300000 128.0
4031 40310000 151.7
4032 40320000 59.7
4033 40330000 171.7
4034 40340000 56.0
4035 40350000 127.3
4036 40360000 155.7
4037 40370000 155.3
4038 40380000 50.3
4039 40390000 39.3
4040 40400000 135.3
4041 40410000 29.7
4042 40420000 156.0
4043 40430000 158.0
4044 40440000 63.3
4045 40450000 51.3
4046 40460000 52.0
4047 40470000 71.3
4048 40480000 17.0
4049 40490000 157.0
4050 40500000 56.0
4051 40510000 88.7
4052 40520000 102.3
4053 40530000 201.7
4054 40540000 146.3
4055 40550000 130.3
4056 40560000 82.7
4057 40570000 38.0
4058 40580000 105.7
4059 40590000 69.3
4060 40600000 33.3
4061 40610000 107.7
4062 40620000 125.3
4063 40630000 31.0
4064 40640000 222.7
4065 40650000 45.7
4066 40660000 70.7
4067 40670000 52.3
4068 40680000 92.7
4069 40690000 72.7
4070 40700000 46.0
4071 40710000 169.3
4072 40720000 143.7
4073 40730000 47.0
4074 40740000 47.0
4075 40750000 86.0
4076 40760000 227.0
4077 40770000 49.0
4078 40780000 115.7
4079 40790000 24.3
4080 40800000 49.0
4081 40810000 33.0
4082 40820000 82.0
4083 40830000 35.3
4084 40840000 37.3
4085 40850000 46.7
4086 40860000 58.0
4087 40870000 52.7
4088 40880000 222.3
4089 40890000 77.3
4090 40900000 61.0
4091 40910000 139.7
4092 40920000 38.7
4093 40930000 197.0
4094 40940000 140.3
4095 40950000 85.7
4096 40960000 73.3
4097 40970000 14.0
4098 40980000 59.7
4099 40990000 130.3
4100 41000000 55.0
4101 41010000 58.0
4102 41020000 238.0
4103 41030000 71.3
4104 41040000 48.7
4105 41050000 137.3
4106 41060000 19.3
4107 41070000 46.0
4108 41080000 75.7
4109 41090000 228.7
4110 41100000 24.3
4111 41110000 20.3
4112 41120000 48.7
4113 41130000 83.3
4114 41140000 12.3
4115 41150000 121.0
4116 41160000 56.7
4117 41170000 57.0
4118 41180000 92.0
4119 41190000 10.7
4120 41200000 92.7
4121 41210000 148.0
4122 41220000 139.0
4123 41230000 16.7
4124 41240000 35.3
4125 41250000 125.0
4126 41260000 88.3
4127 41270000 175.0
4128 41280000 93.0
4129 41290000 247.7
4130 41300000 206.0
4131 41310000 145.3
4132 41320000 73.7
4133 41330000 14.7
4134 41340000 208.0
4135 41350000 117.0
4136 41360000 75.3
4137 41370000 65.3
4138 41380000 110.3
4139 41390000 51.7
4140 41400000 51.3
4141 41410000 118.0
4142 41420000 58.0
4143 41430000 57.0
4144 41440000 107.3
4145 41450000 67.0
4146 41460000 53.0
4147 41470000 253.7
4148 41480000 173.0
4149 41490000 164.0
4150 41500000 75.3
4151 41510000 52.7
4152 41520000 33.7
4153 41530000 24.7
4154 41540000 64.3
4155 41550000 34.3
4156 41560000 60.7
4157 41570000 193.7
4158 41580000 85.7
4159 41590000 131.0
4160 41600000 118.0
4161 41610000 159.0
4162 41620000 168.0
4163 41630000 91.3
4164 41640000 33.3
4165 41650000 11.3
4166 41660000 74.7
4167 41670000 49.3
4168 41680000 59.0
4169 41690000 80.7
4170 41700000 62.3
4171 41710000 47.0
4172 41720000 66.7
4173 41730000 56.0
4174 41740000 135.3
4175 41750000 32.0
4176 41760000 16.3
4177 41770000 15.7
4178 41780000 101.3
4179 41790000 127.3
4180 41800000 41.3
4181 41810000 187.0
4182 41820000 61.7
4183 41830000 186.7
4184 41840000 86.0
4185 41850000 65.7
4186 41860000 285.0
4187 41870000 26.7
4188 41880000 151.0
4189 41890000 47.0
4190 41900000 148.7
4191 41910000 50.3
4192 41920000 179.7
4193 41930000 98.0
4194 41940000 84.0
4195 41950000 44.7
4196 41960000 47.7
4197 41970000 49.0
4198 41980000 47.0
4199 41990000 189.7
4200 42000000 104.3
4201 42010000 170.7
4202 42020000 118.7
4203 42030000 185.0
4204 42040000 269.0
4205 42050000 53.0
4206 42060000 167.0
4207 42070000 146.3
4208 42080000 159.3
4209 42090000 131.3
4210 42100000 172.3
4211 42110000 161.0
4212 42120000 38.7
4213 42130000 68.7
4214 42140000 81.7
4215 42150000 116.3
4216 42160000 118.3
4217 42170000 149.7
4218 42180000 112.0
4219 42190000 42.3
4220 42200000 93.7
4221 42210000 54.3
4222 42220000 150.0
4223 42230000 138.7
4224 42240000 126.7
4225 42250000 101.7
4226 42260000 177.7
4227 42270000 171.3
4228 42280000 163.3
4229 42290000 208.3
4230 42300000 252.3
4231 42310000 33.0
4232 42320000 67.0
4233 42330000 131.3
4234 42340000 41.0
4235 42350000 150.7
4236 42360000 85.7
4237 42370000 135.7
4238 42380000 56.3
4239 42390000 225.3
4240 42400000 146.3
4241 42410000 49.0
4242 42420000 53.3
4243 42430000 31.0
4244 42440000 161.0
4245 42450000 37.7
4246 42460000 72.0
4247 42470000 82.3
4248 42480000 65.7
4249 42490000 37.0
4250 42500000 76.7
4251 42510000 50.3
4252 42520000 127.7
4253 42530000 92.0
4254 42540000 76.7
4255 42550000 152.0
4256 42560000 44.0
4257 42570000 135.7
4258 42580000 172.7
4259 42590000 235.3
4260 42600000 89.0
4261 42610000 165.0
4262 42620000 99.7
4263 42630000 161.7
4264 42640000 66.0
4265 42650000 157.7
4266 42660000 111.3
4267 42670000 126.0
4268 42680000 42.7
4269 42690000 40.0
4270 42700000 52.7
4271 42710000 42.7
4272 42720000 167.0
4273 42730000 211.0
4274 42740000 31.0
4275 42750000 199.0
4276 42760000 60.7
4277 42770000 72.0
4278 42780000 87.3
4279 42790000 64.3
4280 42800000 49.7
4281 42810000 76.0
4282 42820000 193.0
4283 42830000 65.0
4284 42840000 68.7
4285 42850000 157.7
4286 42860000 54.3
4287 42870000 48.7
4288 42880000 43.0
4289 42890000 71.0
4290 42900000 26.0
4291 42910000 35.0
4292 42920000 77.3
4293 42930000 60.0
4294 42940000 58.0
4295 42950000 89.3
4296 42960000 162.7
4297 42970000 243.3
4298 42980000 50.3
4299 42990000 59.3
4300 43000000 97.3
4301 43010000 120.0
4302 43020000 72.0
4303 43030000 226.3
4304 43040000 70.7
4305 43050000 258.0
4306 43060000 29.7
4307 43070000 49.3
4308 43080000 162.0
4309 43090000 26.3
4310 43100000 114.7
4311 43110000 141.7
4312 43120000 85.7
4313 43130000 47.3
4314 43140000 129.0
4315 43150000 177.0
4316 43160000 53.0
4317 43170000 162.7
4318 43180000 71.7
4319 43190000 44.7
4320 43200000 39.0
4321 43210000 129.0
4322 43220000 188.7
4323 43230000 61.3
4324 43240000 136.7
4325 43250000 128.7
4326 43260000 80.0
4327 43270000 52.3
4328 43280000 158.3
4329 43290000 35.3
4330 43300000 133.0
4331 43310000 94.0
4332 43320000 24.7
4333 43330000 23.0
4334 43340000 52.3
4335 43350000 150.0
4336 43360000 250.3
4337 43370000 37.7
4338 43380000 117.0
4339 43390000 33.7
4340 43400000 63.7
4341 43410000 76.0
4342 43420000 45.3
4343 43430000 31.0
4344 43440000 164.3
4345 43450000 27.7
4346 43460000 40.7
4347 43470000 170.0
4348 43480000 168.7
4349 43490000 122.3
4350 43500000 55.0
4351 43510000 84.3
4352 43520000 126.7
4353 43530000 46.7
4354 43540000 106.7
4355 43550000 44.3
4356 43560000 206.0
4357 43570000 248.0
4358 43580000 52.7
4359 43590000 76.0
4360 43600000 162.3
4361 43610000 260.0
4362 43620000 242.0
4363 43630000 103.0
4364 43640000 157.0
4365 43650000 159.0
4366 43660000 147.3
4367 43670000 34.7
4368 43680000 154.3
4369 43690000 148.0
4370 43700000 28.3
4371 43710000 53.0
4372 43720000 50.7
4373 43730000 66.3
4374 43740000 151.0
4375 43750000 278.3
4376 43760000 154.7
4377 43770000 34.3
4378 43780000 37.3
4379 43790000 27.7
4380 43800000 59.0
4381 43810000 212.3
4382 43820000 63.0
4383 43830000 39.7
4384 43840000 68.3
4385 43850000 189.7
4386 43860000 55.0
4387 43870000 117.7
4388 43880000 110.7
4389 43890000 82.0
4390 43900000 78.7
4391 43910000 36.0
4392 43920000 230.0
4393 43930000 37.3
4394 43940000 183.3
4395 43950000 37.0
4396 43960000 144.7
4397 43970000 48.0
4398 43980000 36.3
4399 43990000 153.3
4400 44000000 48.7
4401 44010000 184.7
4402 44020000 174.0
4403 44030000 114.7
4404 44040000 88.7
4405 44050000 97.3
4406 44060000 254.0
4407 44070000 204.7
4408 44080000 83.7
4409 44090000 71.3
4410 44100000 66.7
4411 44110000 45.0
4412 44120000 90.0
4413 44130000 37.7
4414 44140000 71.3
4415 44150000 46.0
4416 44160000 59.7
4417 44170000 104.0
4418 44180000 157.7
4419 44190000 219.0
4420 44200000 57.3
4421 44210000 58.7
4422 44220000 61.3
4423 44230000 63.0
4424 44240000 168.0
4425 44250000 188.3
4426 44260000 146.7
4427 44270000 269.0
4428 44280000 59.7
4429 44290000 40.0
4430 44300000 104.0
4431 44310000 50.0
4432 44320000 32.7
4433 44330000 67.3
4434 44340000 57.7
4435 44350000 63.0
4436 44360000 79.0
4437 44370000 147.3
4438 44380000 169.7
4439 44390000 217.7
4440 44400000 56.3
4441 44410000 94.0
4442 44420000 52.3
4443 44430000 189.0
4444 44440000 46.0
4445 44450000 238.7
4446 44460000 52.0
4447 44470000 32.3
4448 44480000 198.3
4449 44490000 144.0
4450 44500000 268.3
4451 44510000 44.7
4452 44520000 116.0
4453 44530000 83.0
4454 44540000 182.3
4455 44550000 99.0
4456 44560000 179.3
4457 44570000 164.3
4458 44580000 86.0
4459 44590000 242.3
4460 44600000 31.3
4461 44610000 150.7
4462 44620000 45.0
4463 44630000 79.7
4464 44640000 212.3
4465 44650000 172.0
4466 44660000 50.7
4467 44670000 30.3
4468 44680000 38.3
4469 44690000 36.7
4470 44700000 32.7
4471 44710000 20.0
4472 44720000 28.3
4473 44730000 81.3
4474 44740000 90.7
4475 44750000 151.3
4476 44760000 208.3
4477 44770000 53.3
4478 44780000 46.3
4479 44790000 72.3
4480 44800000 152.0
4481 44810000 314.3
4482 44820000 284.0
4483 44830000 181.3
4484 44840000 60.3
4485 44850000 111.3
4486 44860000 57.7
4487 44870000 38.7
4488 44880000 62.3
4489 44890000 175.7
4490 44900000 146.0
4491 44910000 62.0
4492 44920000 91.0
4493 44930000 93.0
4494 44940000 95.7
4495 44950000 208.7
4496 44960000 156.3
4497 44970000 67.3
4498 44980000 263.3
4499 44990000 81.3
4500 45000000 227.3
4501 45010000 174.0
4502 45020000 57.0
4503 45030000 165.3
4504 45040000 171.7
4505 45050000 65.0
4506 45060000 54.3
4507 45070000 257.3
4508 45080000 79.7
4509 45090000 67.0
4510 45100000 109.0
4511 45110000 167.7
4512 45120000 113.3
4513 45130000 52.7
4514 45140000 251.3
4515 45150000 59.3
4516 45160000 163.0
4517 45170000 210.0
4518 45180000 121.0
4519 45190000 69.7
4520 45200000 105.7
4521 45210000 137.3
4522 45220000 66.3
4523 45230000 99.3
4524 45240000 58.3
4525 45250000 163.0
4526 45260000 51.7
4527 45270000 78.0
4528 45280000 68.3
4529 45290000 26.7
4530 45300000 122.0
4531 45310000 188.0
4532 45320000 67.3
4533 45330000 48.0
4534 45340000 59.3
4535 45350000 88.3
4536 45360000 71.0
4537 45370000 67.3
4538 45380000 61.3
4539 45390000 127.0
4540 45400000 177.3
4541 45410000 127.3
4542 45420000 40.3
4543 45430000 135.0
4544 45440000 238.7
4545 45450000 233.3
4546 45460000 38.7
4547 45470000 43.3
4548 45480000 26.7
4549 45490000 167.0
4550 45500000 56.7
4551 45510000 77.0
4552 45520000 48.0
4553 45530000 102.3
4554 45540000 31.7
4555 45550000 51.3
4556 45560000 188.3
4557 45570000 55.0
4558 45580000 89.0
4559 45590000 148.0
4560 45600000 75.0
4561 45610000 59.3
4562 45620000 219.3
4563 45630000 168.0
4564 45640000 165.3
4565 45650000 96.0
4566 45660000 171.7
4567 45670000 172.3
4568 45680000 182.0
4569 45690000 235.7
4570 45700000 48.7
4571 45710000 63.7
4572 45720000 155.0
4573 45730000 242.0
4574 45740000 178.0
4575 45750000 67.3
4576 45760000 63.0
4577 45770000 28.7
4578 45780000 156.7
4579 45790000 123.3
4580 45800000 79.3
4581 45810000 52.0
4582 45820000 14.3
4583 45830000 58.7
4584 45840000 155.0
4585 45850000 46.7
4586 45860000 144.7
4587 45870000 176.7
4588 45880000 233.3
4589 45890000 271.0
4590 45900000 97.0
4591 45910000 228.3
4592 45920000 246.3
4593 45930000 289.3
4594 45940000 137.7
4595 45950000 64.3
4596 45960000 140.7
4597 45970000 51.0
4598 45980000 68.3
4599 45990000 199.3
4600 46000000 262.7
4601 46010000 93.0
4602 46020000 61.3
4603 46030000 85.0
4604 46040000 97.7
4605 46050000 278.3
4606 46060000 169.0
4607 46070000 125.3
4608 46080000 51.0
4609 46090000 172.7
4610 46100000 119.3
4611 46110000 91.0
4612 46120000 154.3
4613 46130000 162.7
4614 46140000 120.3
4615 46150000 44.3
4616 46160000 184.0
4617 46170000 214.7
4618 46180000 88.3
4619 46190000 159.0
4620 46200000 67.0
4621 46210000 157.7
4622 46220000 37.3
4623 46230000 120.0
4624 46240000 44.0
4625 46250000 191.0
4626 46260000 49.7
4627 46270000 237.7
4628 46280000 55.0
4629 46290000 153.3
4630 46300000 170.7
4631 46310000 137.0
4632 46320000 38.0
4633 46330000 115.3
4634 46340000 43.7
4635 46350000 186.3
4636 46360000 180.3
4637 46370000 168.0
4638 46380000 152.0
4639 46390000 29.0
4640 46400000 20.0
4641 46410000 17.0
4642 46420000 24.3
4643 46430000 28.3
4644 46440000 31.7
4645 46450000 217.7
4646 46460000 62.0
4647 46470000 171.3
4648 46480000 81.3
4649 46490000 167.7
4650 46500000 172.0
4651 46510000 149.3
4652 46520000 123.0
4653 46530000 93.0
4654 46540000 47.0
4655 46550000 168.3
4656 46560000 37.0
4657 46570000 197.3
4658 46580000 156.0
4659 46590000 57.3
4660 46600000 295.3
4661 46610000 99.0
4662 46620000 66.3
4663 46630000 108.3
4664 46640000 63.3
4665 46650000 148.0
4666 46660000 280.3
4667 46670000 45.7
4668 46680000 102.3
4669 46690000 43.0
4670 46700000 59.3
4671 46710000 57.3
4672 46720000 62.3
4673 46730000 49.7
4674 46740000 149.0
4675 46750000 70.0
4676 46760000 131.7
4677 46770000 65.0
4678 46780000 121.3
4679 46790000 41.3
4680 46800000 157.3
4681 46810000 161.7
4682 46820000 154.7
4683 46830000 57.7
4684 46840000 49.3
4685 46850000 117.3
4686 46860000 165.3
4687 46870000 41.7
4688 46880000 194.3
4689 46890000 62.0
4690 46900000 188.0
4691 46910000 70.0
4692 46920000 218.0
4693 46930000 217.3
4694 46940000 209.7
4695 46950000 273.7
4696 46960000 36.3
4697 46970000 185.3
4698 46980000 85.7
4699 46990000 193.3
4700 47000000 114.7
4701 47010000 119.3
4702 47020000 224.7
4703 47030000 124.3
4704 47040000 48.0
4705 47050000 319.0
4706 47060000 85.0
4707 47070000 103.3
4708 47080000 50.3
4709 47090000 241.0
4710 47100000 149.7
4711 47110000 220.0
4712 47120000 101.3
4713 47130000 225.3
4714 47140000 132.0
4715 47150000 158.3
4716 47160000 252.7
4717 47170000 99.0
4718 47180000 83.7
4719 47190000 292.7
4720 47200000 28.3
4721 47210000 109.7
4722 47220000 109.7
4723 47230000 106.3
4724 47240000 37.0
4725 47250000 56.7
4726 47260000 26.7
4727 47270000 26.0
4728 47280000 133.3
4729 47290000 20.3
4730 47300000 22.0
4731 47310000 244.7
4732 47320000 74.3
4733 47330000 56.7
4734 47340000 56.7
4735 47350000 28.0
4736 47360000 108.0
4737 47370000 248.7
4738 47380000 61.7
4739 47390000 103.3
4740 47400000 81.3
4741 47410000 33.0
4742 47420000 62.7
4743 47430000 60.3
4744 47440000 112.3
4745 47450000 150.3
4746 47460000 53.3
4747 47470000 52.3
4748 47480000 19.0
4749 47490000 161.7
4750 47500000 124.7
4751 47510000 121.0
4752 47520000 32.0
4753 47530000 243.3
4754 47540000 185.3
4755 47550000 152.0
4756 47560000 150.0
4757 47570000 152.0
4758 47580000 82.0
4759 47590000 107.0
4760 47600000 41.0
4761 47610000 88.0
4762 47620000 80.3
4763 47630000 57.7
4764 47640000 202.0
4765 47650000 149.7
4766 47660000 32.3
4767 47670000 164.0
4768 47680000 64.7
4769 47690000 75.7
4770 47700000 54.7
4771 47710000 218.3
4772 47720000 136.7
4773 47730000 111.3
4774 47740000 143.3
4775 47750000 132.3
4776 47760000 69.0
4777 47770000 161.7
4778 47780000 45.0
4779 47790000 99.3
4780 47800000 105.3
4781 47810000 63.7
4782 47820000 67.3
4783 47830000 47.7
4784 47840000 44.3
4785 47850000 48.7
4786 47860000 115.3
4787 47870000 54.7
4788 47880000 16.3
4789 47890000 232.0
4790 47900000 37.7
4791 47910000 87.0
4792 47920000 51.0
4793 47930000 80.0
4794 47940000 48.3
4795 47950000 97.7
4796 47960000 44.0
4797 47970000 172.0
4798 47980000 26.7
4799 47990000 205.7
4800 48000000 41.7
4801 48010000 91.3
4802 48020000 167.7
4803 48030000 90.7
4804 48040000 284.3
4805 48050000 132.7
4806 48060000 42.0
4807 48070000 143.3
4808 48080000 174.3
4809 48090000 110.0
4810 48100000 117.0
4811 48110000 280.3
4812 48120000 189.7
4813 48130000 219.7
4814 48140000 60.3
4815 48150000 169.0
4816 48160000 142.3
4817 48170000 111.3
4818 48180000 236.0
4819 48190000 176.7
4820 48200000 126.0
4821 48210000 185.0
4822 48220000 172.7
4823 48230000 57.0
4824 48240000 30.0
4825 48250000 34.0
4826 48260000 55.3
4827 48270000 133.0
4828 48280000 144.7
4829 48290000 22.0
4830 48300000 40.0
4831 48310000 36.7
4832 48320000 41.7
4833 48330000 182.7
4834 48340000 55.3
4835 48350000 149.7
4836 48360000 147.0
4837 48370000 55.7
4838 48380000 264.7
4839 48390000 139.0
4840 48400000 138.0
4841 48410000 72.7
4842 48420000 53.3
4843 48430000 118.3
4844 48440000 172.7
4845 48450000 49.0
4846 48460000 163.3
4847 48470000 216.7
4848 48480000 148.3
4849 48490000 165.0
4850 48500000 45.3
4851 48510000 149.7
4852 48520000 64.3
4853 48530000 137.3
4854 48540000 161.3
4855 48550000 133.0
4856 48560000 55.0
4857 48570000 156.7
4858 48580000 142.0
4859 48590000 39.3
4860 48600000 172.3
4861 48610000 257.0
4862 48620000 70.3
4863 48630000 37.3
4864 48640000 142.7
4865 48650000 164.0
4866 48660000 22.3
4867 48670000 75.7
4868 48680000 91.3
4869 48690000 76.3
4870 48700000 53.3
4871 48710000 169.3
4872 48720000 45.0
4873 48730000 47.0
4874 48740000 74.0
4875 48750000 134.3
4876 48760000 74.3
4877 48770000 130.0
4878 48780000 111.0
4879 48790000 28.7
4880 48800000 215.0
4881 48810000 105.0
4882 48820000 55.7
4883 48830000 96.0
4884 48840000 57.0
4885 48850000 38.3
4886 48860000 58.7
4887 48870000 24.3
4888 48880000 39.7
4889 48890000 285.7
4890 48900000 50.3
4891 48910000 24.0
4892 48920000 105.0
4893 48930000 226.3
4894 48940000 125.7
4895 48950000 202.0
4896 48960000 119.0
4897 48970000 145.7
4898 48980000 61.7
4899 48990000 145.3
4900 49000000 44.0
4901 49010000 79.0
4902 49020000 113.0
4903 49030000 46.0
4904 49040000 82.3
4905 49050000 42.7
4906 49060000 22.7
4907 49070000 27.3
4908 49080000 175.3
4909 49090000 219.3
4910 49100000 28.7
4911 49110000 45.0
4912 49120000 34.3
4913 49130000 138.7
4914 49140000 58.0
4915 49150000 160.7
4916 49160000 136.3
4917 49170000 185.7
4918 49180000 153.0
4919 49190000 66.0
4920 49200000 153.0
4921 49210000 259.3
4922 49220000 45.0
4923 49230000 211.7
4924 49240000 50.0
4925 49250000 45.0
4926 49260000 36.0
4927 49270000 16.3
4928 49280000 20.0
4929 49290000 238.7
4930 49300000 84.7
4931 49310000 362.7
4932 49320000 27.0
4933 49330000 161.7
4934 49340000 58.3
4935 49350000 113.0
4936 49360000 72.7
4937 49370000 164.3
4938 49380000 32.0
4939 49390000 210.0
4940 49400000 21.3
4941 49410000 53.0
4942 49420000 128.3
4943 49430000 262.7
4944 49440000 167.3
4945 49450000 264.0
4946 49460000 34.7
4947 49470000 54.3
4948 49480000 46.0
4949 49490000 60.7
4950 49500000 53.3
4951 49510000 44.0
4952 49520000 178.0
4953 49530000 49.7
4954 49540000 160.3
4955 49550000 165.3
4956 49560000 40.3
4957 49570000 24.3
4958 49580000 25.7
4959 49590000 144.7
4960 49600000 48.7
4961 49610000 67.3
4962 49620000 225.7
4963 49630000 144.3
4964 49640000 125.3
4965 49650000 159.3
4966 49660000 120.3
4967 49670000 151.3
4968 49680000 183.7
4969 49690000 144.0
4970 49700000 25.3
4971 49710000 87.7
4972 49720000 61.7
4973 49730000 57.7
4974 49740000 55.3
4975 49750000 117.7
4976 49760000 53.0
4977 49770000 31.3
4978 49780000 62.3
4979 49790000 66.3
4980 49800000 145.7
4981 49810000 237.0
4982 49820000 22.3
4983 49830000 19.7
4984 49840000 36.0
4985 49850000 37.0
4986 49860000 51.0
4987 49870000 165.0
4988 49880000 139.3
4989 49890000 44.3
4990 49900000 44.3
4991 49910000 67.7
4992 49920000 54.0
4993 49930000 131.7
4994 49940000 27.0
4995 49950000 283.7
4996 49960000 52.7
4997 49970000 143.3
4998 49980000 197.0
4999 49990000 48.0
