  0        0 9.0
  1    10000 9.0
  2    20000 9.0
  3    30000 8.3
  4    40000 9.0
  5    50000 7.7
  6    60000 3.7
  8    80000 0.0
  9    90000 7.3
 10   100000 6.3
 11   110000 5.0
 12   120000 5.7
 13   130000 2.3
 14   140000 0.0
 15   150000 1.0
 16   160000 5.7
 17   170000 6.3
 18   180000 11.3
 19   190000 9.0
 20   200000 8.7
 21   210000 9.0
 22   220000 9.7
 23   230000 8.0
 24   240000 9.0
 25   250000 6.3
 26   260000 11.0
 27   270000 11.3
 28   280000 9.7
 29   290000 10.3
 30   300000 10.0
 31   310000 13.0
 32   320000 14.0
 33   330000 10.7
 34   340000 15.7
 35   350000 13.3
 36   360000 14.0
 37   370000 18.0
 38   380000 13.0
 39   390000 12.0
 40   400000 14.7
 41   410000 14.3
 42   420000 22.7
 43   430000 8.3
 44   440000 15.7
 45   450000 18.0
 46   460000 17.0
 47   470000 19.7
 48   480000 16.7
 49   490000 19.3
 50   500000 13.7
 51   510000 18.7
 52   520000 19.0
 53   530000 19.3
 54   540000 28.0
 55   550000 22.3
 56   560000 23.3
 57   570000 20.0
 58   580000 22.0
 59   590000 23.3
 60   600000 27.0
 61   610000 34.0
 62   620000 19.3
 63   630000 33.0
 64   640000 21.7
 65   650000 16.7
 66   660000 24.7
 67   670000 21.0
 68   680000 26.7
 69   690000 21.0
 70   700000 17.7
 71   710000 22.0
 72   720000 29.3
 73   730000 30.7
 74   740000 27.0
 75   750000 25.7
 76   760000 32.3
 77   770000 25.7
 78   780000 20.0
 79   790000 29.7
 80   800000 24.3
 81   810000 32.3
 82   820000 29.0
 83   830000 30.0
 84   840000 25.7
 85   850000 44.7
 86   860000 26.7
 87   870000 35.3
 88   880000 28.0
 89   890000 31.3
 90   900000 38.0
 91   910000 32.3
 92   920000 29.0
 93   930000 40.0
 94   940000 36.0
 95   950000 35.0
 96   960000 35.7
 97   970000 37.7
 98   980000 42.0
 99   990000 44.7
100  1000000 34.7
101  1010000 35.3
102  1020000 33.3
103  1030000 37.3
104  1040000 34.0
105  1050000 37.0
106  1060000 44.0
107  1070000 34.0
108  1080000 39.0
109  1090000 31.0
110  1100000 64.0
111  1110000 26.0
112  1120000 48.0
113  1130000 60.0
114  1140000 51.0
115  1150000 30.0
116  1160000 46.0
117  1170000 59.0
118  1180000 37.0
119  1190000 38.0
120  1200000 62.0
121  1210000 46.0
122  1220000 49.0
123  1230000 40.0
124  1240000 34.0
125  1250000 33.0
126  1260000 34.0
127  1270000 53.0
128  1280000 54.0
129  1290000 28.0
130  1300000 44.0
131  1310000 36.0
132  1320000 69.0
133  1330000 30.0
134  1340000 43.0
135  1350000 25.0
136  1360000 37.0
137  1370000 63.0
138  1380000 59.0
139  1390000 116.0
140  1400000 95.0
141  1410000 63.0
142  1420000 74.0
143  1430000 65.0
144  1440000 45.0
145  1450000 45.0
146  1460000 40.0
147  1470000 36.0
148  1480000 46.0
149  1490000 52.0
150  1500000 62.0
151  1510000 43.0
152  1520000 68.0
153  1530000 91.0
154  1540000 82.0
155  1550000 76.0
156  1560000 49.0
157  1570000 34.0
158  1580000 47.0
159  1590000 31.0
160  1600000 63.0
161  1610000 61.0
162  1620000 34.0
163  1630000 67.0
164  1640000 65.0
165  1650000 84.0
166  1660000 66.0
167  1670000 53.0
168  1680000 60.0
169  1690000 42.0
170  1700000 33.0
171  1710000 43.0
172  1720000 31.0
173  1730000 25.0
174  1740000 49.0
175  1750000 59.0
176  1760000 33.0
177  1770000 59.0
178  1780000 33.0
179  1790000 59.0
180  1800000 54.0
181  1810000 54.0
182  1820000 75.0
183  1830000 70.0
184  1840000 58.0
185  1850000 31.0
186  1860000 33.0
187  1870000 62.0
188  1880000 135.0
189  1890000 90.0
190  1900000 71.0
191  1910000 50.0
192  1920000 62.0
193  1930000 55.0
194  1940000 33.0
195  1950000 91.0
196  1960000 46.0
197  1970000 57.0
198  1980000 74.0
199  1990000 81.0
200  2000000 103.0
201  2010000 48.0
202  2020000 84.0
203  2030000 56.0
204  2040000 68.0
205  2050000 91.0
206  2060000 147.0
207  2070000 12.0
208  2080000 98.0
209  2090000 22.0
210  2100000 33.0
211  2110000 67.0
212  2120000 33.0
213  2130000 69.0
214  2140000 53.0
215  2150000 265.0
216  2160000 270.0
217  2170000 82.0
218  2180000 82.0
219  2190000 94.0
220  2200000 86.0
221  2210000 62.0
222  2220000 69.0
223  2230000 35.0
224  2240000 64.0
225  2250000 48.0
226  2260000 39.0
227  2270000 52.0
228  2280000 107.0
229  2290000 97.0
230  2300000 93.0
231  2310000 39.0
232  2320000 81.0
233  2330000 266.0
234  2340000 52.0
235  2350000 80.0
236  2360000 72.0
237  2370000 43.0
238  2380000 61.0
239  2390000 121.0
240  2400000 66.0
241  2410000 79.0
242  2420000 118.0
243  2430000 51.0
244  2440000 45.0
245  2450000 136.0
246  2460000 37.0
247  2470000 48.0
248  2480000 64.0
249  2490000 135.0
250  2500000 53.0
251  2510000 79.0
252  2520000 99.0
253  2530000 84.0
254  2540000 59.0
255  2550000 84.0
256  2560000 70.0
257  2570000 60.0
258  2580000 52.0
259  2590000 72.0
260  2600000 140.0
261  2610000 63.0
262  2620000 62.0
263  2630000 56.0
264  2640000 77.0
265  2650000 42.0
266  2660000 33.0
267  2670000 39.0
268  2680000 38.0
269  2690000 74.0
270  2700000 84.0
271  2710000 109.0
272  2720000 88.0
273  2730000 102.0
274  2740000 76.0
275  2750000 116.0
276  2760000 73.0
277  2770000 48.0
278  2780000 123.0
279  2790000 145.0
280  2800000 72.0
281  2810000 119.0
282  2820000 77.0
283  2830000 46.0
284  2840000 108.0
285  2850000 114.0
286  2860000 183.0
287  2870000 55.0
288  2880000 31.0
289  2890000 73.0
290  2900000 93.0
291  2910000 111.0
292  2920000 98.0
293  2930000 58.0
294  2940000 101.0
295  2950000 268.0
296  2960000 52.0
297  2970000 111.0
298  2980000 63.0
299  2990000 133.0
300  3000000 46.0
301  3010000 140.0
302  3020000 108.0
303  3030000 133.0
304  3040000 61.0
305  3050000 28.0
306  3060000 16.0
307  3070000 187.0
308  3080000 57.0
309  3090000 146.0
310  3100000 45.0
311  3110000 49.0
312  3120000 151.0
313  3130000 214.0
314  3140000 136.0
315  3150000 61.0
316  3160000 166.0
317  3170000 273.0
318  3180000 80.0
319  3190000 122.0
320  3200000 268.0
321  3210000 161.0
322  3220000 148.0
323  3230000 93.0
324  3240000 80.0
325  3250000 123.0
326  3260000 66.0
327  3270000 91.0
328  3280000 123.0
329  3290000 327.0
330  3300000 92.0
331  3310000 131.0
332  3320000 150.0
333  3330000 206.0
334  3340000 145.0
335  3350000 183.0
336  3360000 24.0
337  3370000 65.0
338  3380000 87.0
339  3390000 101.0
340  3400000 126.0
341  3410000 89.0
342  3420000 65.0
343  3430000 172.0
344  3440000 167.0
345  3450000 171.0
346  3460000 106.0
347  3470000 16.0
348  3480000 155.0
349  3490000 121.0
350  3500000 55.0
351  3510000 289.0
352  3520000 58.0
353  3530000 79.0
354  3540000 54.0
355  3550000 47.0
356  3560000 226.0
357  3570000 178.0
358  3580000 301.0
359  3590000 129.0
360  3600000 216.0
361  3610000 260.0
362  3620000 142.0
363  3630000 51.0
364  3640000 295.0
365  3650000 212.0
366  3660000 126.0
367  3670000 201.0
368  3680000 245.0
369  3690000 95.0
370  3700000 102.0
371  3710000 279.0
372  3720000 131.0
373  3730000 327.0
374  3740000 240.0
375  3750000 259.0
376  3760000 225.0
377  3770000 279.0
378  3780000 234.0
379  3790000 141.0
380  3800000 217.0
381  3810000 244.0
382  3820000 261.0
383  3830000 171.0
384  3840000 219.0
385  3850000 186.0
386  3860000 277.0
387  3870000 264.0
388  3880000 131.0
389  3890000 259.0
390  3900000 236.0
391  3910000 52.0
392  3920000 101.0
393  3930000 128.0
394  3940000 328.0
395  3950000 238.0
396  3960000 226.0
397  3970000 161.0
398  3980000 114.0
399  3990000 166.0
400  4000000 253.0
401  4010000 155.0
402  4020000 62.0
403  4030000 263.0
404  4040000 207.0
405  4050000 91.0
406  4060000 183.0
407  4070000 183.0
408  4080000 31.0
409  4090000 203.0
410  4100000 161.0
411  4110000 264.0
412  4120000 213.0
413  4130000 238.0
414  4140000 226.0
415  4150000 70.0
416  4160000 178.0
417  4170000 290.0
418  4180000 96.0
419  4190000 283.0
420  4200000 319.0
421  4210000 114.0
422  4220000 267.0
423  4230000 182.0
424  4240000 308.0
425  4250000 223.0
426  4260000 301.0
427  4270000 164.0
428  4280000 124.0
429  4290000 69.0
430  4300000 72.0
431  4310000 72.0
432  4320000 96.0
433  4330000 116.0
434  4340000 222.0
435  4350000 193.0
436  4360000 71.0
437  4370000 82.0
438  4380000 127.0
439  4390000 127.0
440  4400000 162.0
441  4410000 185.0
442  4420000 47.0
443  4430000 94.0
444  4440000 102.0
445  4450000 228.0
446  4460000 65.0
447  4470000 189.0
448  4480000 42.0
449  4490000 317.0
450  4500000 214.0
451  4510000 102.0
452  4520000 17.0
453  4530000 112.0
454  4540000 125.0
455  4550000 112.0
456  4560000 213.0
457  4570000 359.0
458  4580000 361.0
459  4590000 42.0
460  4600000 20.0
461  4610000 165.0
462  4620000 31.0
463  4630000 165.0
464  4640000 206.0
465  4650000 238.0
466  4660000 309.0
467  4670000 117.0
468  4680000 151.0
469  4690000 168.0
470  4700000 123.0
471  4710000 164.0
472  4720000 160.0
473  4730000 156.0
474  4740000 174.0
475  4750000 204.0
476  4760000 128.0
477  4770000 60.0
478  4780000 43.0
479  4790000 49.0
480  4800000 206.0
481  4810000 121.0
482  4820000 86.0
483  4830000 57.0
484  4840000 216.0
485  4850000 221.0
486  4860000 199.0
487  4870000 137.0
488  4880000 196.0
489  4890000 199.0
490  4900000 69.0
491  4910000 92.0
492  4920000 155.0
493  4930000 162.0
494  4940000 211.0
495  4950000 120.0
496  4960000 162.0
497  4970000 279.0
498  4980000 201.0
499  4990000 130.0
500  5000000 117.0
501  5010000 251.0
502  5020000 315.0
503  5030000 300.0
504  5040000 139.0
505  5050000 41.0
506  5060000 78.0
507  5070000 181.0
508  5080000 212.0
509  5090000 286.0
510  5100000 339.0
511  5110000 106.0
512  5120000 245.0
513  5130000 120.0
514  5140000 68.0
515  5150000 150.0
516  5160000 147.0
517  5170000 94.0
518  5180000 258.0
519  5190000 221.0
520  5200000 216.0
521  5210000 204.0
522  5220000 32.0
523  5230000 190.0
524  5240000 48.0
525  5250000 189.0
526  5260000 279.0
527  5270000 55.0
528  5280000 66.0
529  5290000 239.0
530  5300000 280.0
531  5310000 206.0
532  5320000 78.0
533  5330000 262.0
534  5340000 31.0
535  5350000 212.0
536  5360000 175.0
537  5370000 249.0
538  5380000 262.0
539  5390000 215.0
540  5400000 330.0
541  5410000 272.0
542  5420000 250.0
543  5430000 162.0
544  5440000 21.0
545  5450000 100.0
546  5460000 239.0
547  5470000 53.0
548  5480000 94.0
549  5490000 102.0
550  5500000 114.0
551  5510000 70.0
552  5520000 222.0
553  5530000 109.0
554  5540000 324.0
555  5550000 30.0
556  5560000 34.0
557  5570000 224.0
558  5580000 32.0
559  5590000 95.0
560  5600000 81.0
561  5610000 289.0
562  5620000 81.0
563  5630000 91.0
564  5640000 142.0
565  5650000 144.0
566  5660000 167.0
567  5670000 213.0
568  5680000 85.0
569  5690000 91.0
570  5700000 224.0
571  5710000 55.0
572  5720000 145.0
573  5730000 111.0
574  5740000 141.0
575  5750000 118.0
576  5760000 122.0
577  5770000 110.0
578  5780000 141.0
579  5790000 116.0
580  5800000 154.0
581  5810000 56.0
582  5820000 105.0
583  5830000 21.0
584  5840000 120.0
585  5850000 98.0
586  5860000 200.0
587  5870000 62.0
588  5880000 67.0
589  5890000 246.0
590  5900000 322.0
591  5910000 132.0
592  5920000 224.0
593  5930000 254.0
594  5940000 308.0
595  5950000 77.0
596  5960000 115.0
597  5970000 64.0
598  5980000 226.0
599  5990000 232.0
600  6000000 312.0
601  6010000 310.0
602  6020000 129.0
603  6030000 129.0
604  6040000 247.0
605  6050000 222.0
606  6060000 55.0
607  6070000 135.0
608  6080000 131.0
609  6090000 39.0
610  6100000 132.0
611  6110000 134.0
612  6120000 132.0
613  6130000 134.0
614  6140000 260.0
615  6150000 153.0
616  6160000 245.0
617  6170000 150.0
618  6180000 143.0
619  6190000 138.0
620  6200000 266.0
621  6210000 150.0
622  6220000 170.0
623  6230000 81.0
624  6240000 148.0
625  6250000 162.0
626  6260000 96.0
627  6270000 111.0
628  6280000 89.0
629  6290000 44.0
630  6300000 45.0
631  6310000 216.0
632  6320000 279.0
633  6330000 53.0
634  6340000 39.0
635  6350000 169.0
636  6360000 31.0
637  6370000 168.0
638  6380000 41.0
639  6390000 38.0
640  6400000 217.0
641  6410000 64.0
642  6420000 100.0
643  6430000 84.0
644  6440000 252.0
645  6450000 250.0
646  6460000 325.0
647  6470000 123.0
648  6480000 211.0
649  6490000 258.0
650  6500000 295.0
651  6510000 141.0
652  6520000 359.0
653  6530000 339.0
654  6540000 47.0
655  6550000 105.0
656  6560000 46.0
657  6570000 50.0
658  6580000 317.0
659  6590000 336.0
660  6600000 329.0
661  6610000 365.0
662  6620000 322.0
663  6630000 327.0
664  6640000 49.0
665  6650000 56.0
666  6660000 269.0
667  6670000 321.0
668  6680000 136.0
669  6690000 378.0
670  6700000 366.0
671  6710000 66.0
672  6720000 333.0
673  6730000 48.0
674  6740000 332.0
675  6750000 27.0
676  6760000 62.0
677  6770000 352.0
678  6780000 48.0
679  6790000 383.0
680  6800000 365.0
681  6810000 192.0
682  6820000 253.0
683  6830000 334.0
684  6840000 347.0
685  6850000 300.0
686  6860000 340.0
687  6870000 370.0
688  6880000 353.0
689  6890000 397.0
690  6900000 347.0
691  6910000 322.0
692  6920000 355.0
693  6930000 347.0
694  6940000 329.0
695  6950000 299.0
696  6960000 27.0
697  6970000 27.0
698  6980000 378.0
699  6990000 379.0
700  7000000 345.0
701  7010000 416.0
702  7020000 406.0
703  7030000 329.0
704  7040000 420.0
705  7050000 541.7
706  7060000 379.0
707  7070000 316.0
708  7080000 329.0
709  7090000 295.0
710  7100000 366.0
711  7110000 404.0
712  7120000 0.0
713  7130000 66.0
714  7140000 69.0
715  7150000 46.0
716  7160000 96.0
717  7170000 86.0
718  7180000 50.0
719  7190000 312.0
720  7200000 407.0
721  7210000 53.0
722  7220000 308.0
723  7230000 313.0
724  7240000 653.3
725  7250000 392.0
726  7260000 416.0
727  7270000 78.0
728  7280000 44.0
729  7290000 380.0
730  7300000 53.0
731  7310000 103.0
732  7320000 59.0
733  7330000 153.0
734  7340000 375.0
735  7350000 424.0
736  7360000 283.0
737  7370000 138.0
738  7380000 112.0
739  7390000 29.0
740  7400000 45.0
741  7410000 50.0
742  7420000 325.0
743  7430000 202.0
744  7440000 87.0
745  7450000 64.0
746  7460000 23.0
747  7470000 42.0
748  7480000 114.0
749  7490000 40.0
750  7500000 349.0
751  7510000 329.0
752  7520000 381.0
753  7530000 284.0
754  7540000 278.0
755  7550000 365.0
756  7560000 162.0
757  7570000 411.0
758  7580000 261.0
759  7590000 63.0
760  7600000 321.0
761  7610000 53.0
762  7620000 39.0
763  7630000 32.0
764  7640000 88.0
765  7650000 350.0
766  7660000 264.0
767  7670000 219.0
768  7680000 244.0
769  7690000 274.0
770  7700000 345.0
771  7710000 13.0
772  7720000 13.0
773  7730000 12.0
774  7740000 67.0
775  7750000 12.0
776  7760000 28.0
777  7770000 26.0
778  7780000 57.0
779  7790000 391.0
780  7800000 119.0
781  7810000 231.0
782  7820000 55.0
783  7830000 37.0
784  7840000 203.0
785  7850000 290.0
786  7860000 47.0
787  7870000 358.0
788  7880000 141.0
789  7890000 36.0
790  7900000 309.0
791  7910000 229.0
792  7920000 369.0
793  7930000 16.0
794  7940000 375.0
795  7950000 18.0
796  7960000 186.0
797  7970000 27.0
798  7980000 70.0
799  7990000 63.0
800  8000000 39.0
801  8010000 407.0
802  8020000 405.0
803  8030000 80.0
804  8040000 407.0
805  8050000 413.0
806  8060000 408.0
807  8070000 187.0
808  8080000 38.0
809  8090000 423.0
810  8100000 422.0
811  8110000 18.0
812  8120000 417.0
813  8130000 235.0
814  8140000 0.0
815  8150000 28.0
816  8160000 415.0
817  8170000 255.0
818  8180000 420.0
819  8190000 360.0
820  8200000 43.0
821  8210000 27.0
822  8220000 149.0
823  8230000 379.0
824  8240000 381.0
825  8250000 41.0
826  8260000 180.0
827  8270000 394.0
828  8280000 348.0
829  8290000 237.0
830  8300000 25.0
831  8310000 368.0
832  8320000 384.0
833  8330000 369.0
834  8340000 427.0
835  8350000 54.0
836  8360000 400.0
837  8370000 429.0
838  8380000 365.0
839  8390000 343.0
840  8400000 85.0
841  8410000 86.0
842  8420000 39.0
843  8430000 22.0
844  8440000 378.0
845  8450000 24.0
846  8460000 50.0
847  8470000 97.0
848  8480000 394.0
849  8490000 42.0
850  8500000 355.0
851  8510000 50.0
852  8520000 303.0
853  8530000 59.0
854  8540000 83.0
855  8550000 42.0
856  8560000 396.0
857  8570000 8.0
858  8580000 10.0
859  8590000 33.0
860  8600000 60.0
861  8610000 347.0
862  8620000 41.0
863  8630000 59.0
864  8640000 255.0
865  8650000 47.0
866  8660000 48.0
867  8670000 20.0
868  8680000 100.0
869  8690000 98.0
870  8700000 53.0
871  8710000 306.0
872  8720000 357.0
873  8730000 79.0
874  8740000 114.0
875  8750000 300.0
876  8760000 368.0
877  8770000 39.0
878  8780000 46.0
879  8790000 331.0
880  8800000 62.0
881  8810000 320.0
882  8820000 238.0
883  8830000 68.0
884  8840000 40.0
885  8850000 58.0
886  8860000 68.0
887  8870000 47.0
888  8880000 398.0
889  8890000 211.0
890  8900000 70.0
891  8910000 75.0
892  8920000 248.0
893  8930000 96.0
894  8940000 352.0
895  8950000 29.0
896  8960000 234.0
897  8970000 96.0
898  8980000 12.0
899  8990000 230.0
900  9000000 62.0
901  9010000 316.0
902  9020000 31.0
903  9030000 53.0
904  9040000 233.0
905  9050000 199.0
906  9060000 346.0
907  9070000 71.0
908  9080000 27.0
909  9090000 353.0
910  9100000 59.0
911  9110000 240.0
912  9120000 155.0
913  9130000 298.0
914  9140000 385.0
915  9150000 271.0
916  9160000 317.0
917  9170000 47.0
918  9180000 358.0
919  9190000 45.0
920  9200000 300.0
921  9210000 265.0
922  9220000 113.0
923  9230000 414.0
924  9240000 277.0
925  9250000 387.0
926  9260000 392.0
927  9270000 328.0
928  9280000 270.0
929  9290000 46.0
930  9300000 406.0
931  9310000 389.0
932  9320000 397.0
933  9330000 68.0
934  9340000 353.0
935  9350000 428.0
936  9360000 402.0
937  9370000 422.0
938  9380000 409.0
939  9390000 414.0
940  9400000 414.0
941  9410000 419.0
942  9420000 366.0
943  9430000 416.0
944  9440000 408.0
945  9450000 429.0
946  9460000 245.0
947  9470000 47.0
948  9480000 945.0
949  9490000 318.0
950  9500000 62.7
951  9510000 494.0
952  9520000 407.7
953  9530000 76.3
954  9540000 363.3
955  9550000 28.0
956  9560000 31.7
957  9570000 268.0
958  9580000 138.0
959  9590000 516.0
960  9600000 282.7
961  9610000 330.3
962  9620000 519.0
963  9630000 177.0
964  9640000 297.3
965  9650000 253.3
966  9660000 129.7
967  9670000 389.3
968  9680000 52.0
969  9690000 18.7
970  9700000 10.3
971  9710000 11.0
972  9720000 11.3
973  9730000 540.7
974  9740000 432.7
975  9750000 361.7
976  9760000 326.0
977  9770000 61.3
978  9780000 542.7
979  9790000 426.7
980  9800000 41.0
981  9810000 96.3
982  9820000 38.0
983  9830000 428.3
984  9840000 442.0
985  9850000 1656.7
986  9860000 430.0
987  9870000 432.0
988  9880000 417.0
989  9890000 425.0
990  9900000 19.0
991  9910000 430.0
992  9920000 383.0
993  9930000 513.0
994  9940000 429.3
995  9950000 349.7
996  9960000 345.3
997  9970000 13.0
998  9980000 351.0
999  9990000 413.7
1000 10000000 279.3
1001 10010000 415.3
1002 10020000 430.7
1003 10030000 385.3
1004 10040000 430.3
1005 10050000 262.0
1006 10060000 390.3
1007 10070000 305.3
1008 10080000 435.0
1009 10090000 977.0
1010 10100000 415.0
1011 10110000 427.0
1012 10120000 115.0
1013 10130000 114.0
1014 10140000 54.0
1015 10150000 46.0
1016 10160000 40.0
1017 10170000 540.7
1018 10180000 231.3
1019 10190000 111.0
1020 10200000 40.3
1021 10210000 151.7
1022 10220000 76.7
1023 10230000 47.3
1024 10240000 240.0
1025 10250000 118.0
1026 10260000 199.7
1027 10270000 57.7
1028 10280000 346.3
1029 10290000 397.7
1030 10300000 301.0
1031 10310000 462.0
1032 10320000 205.0
1033 10330000 413.7
1034 10340000 427.3
1035 10350000 319.3
1036 10360000 383.0
1037 10370000 426.0
1038 10380000 377.7
1039 10390000 441.7
1040 10400000 430.7
1041 10410000 409.0
1042 10420000 415.0
1043 10430000 23.3
1044 10440000 11.0
1045 10450000 21.3
1046 10460000 32.3
1047 10470000 59.3
1048 10480000 236.3
1049 10490000 160.3
1050 10500000 68.3
1051 10510000 25.7
1052 10520000 403.7
1053 10530000 372.0
1054 10540000 24.3
1055 10550000 22.0
1056 10560000 35.0
1057 10570000 37.7
1058 10580000 256.7
1059 10590000 430.0
1060 10600000 40.0
1061 10610000 64.0
1062 10620000 149.3
1063 10630000 354.7
1064 10640000 96.3
1065 10650000 431.0
1066 10660000 430.0
1067 10670000 428.3
1068 10680000 1768.7
1069 10690000 1895.0
1070 10700000 1895.0
1071 10710000 685.0
1072 10720000 425.0
1073 10730000 431.0
1074 10740000 428.0
1075 10750000 431.0
1076 10760000 390.0
1077 10770000 431.0
1078 10780000 151.0
1079 10790000 417.0
1080 10800000 53.0
1081 10810000 568.3
1082 10820000 136.0
1083 10830000 326.0
1084 10840000 59.0
1085 10850000 49.0
1086 10860000 305.7
1087 10870000 536.3
1088 10880000 26.0
1089 10890000 430.3
1090 10900000 412.0
1091 10910000 432.7
1092 10920000 228.0
1093 10930000 97.0
1094 10940000 419.0
1095 10950000 58.0
1096 10960000 201.7
1097 10970000 402.3
1098 10980000 253.0
1099 10990000 50.0
1100 11000000 163.3
1101 11010000 296.3
1102 11020000 134.0
1103 11030000 87.3
1104 11040000 401.7
1105 11050000 332.3
1106 11060000 131.0
1107 11070000 329.3
1108 11080000 365.3
1109 11090000 87.3
1110 11100000 507.7
1111 11110000 419.0
1112 11120000 62.3
1113 11130000 45.3
1114 11140000 169.3
1115 11150000 416.0
1116 11160000 412.0
1117 11170000 393.0
1118 11180000 50.7
1119 11190000 400.7
1120 11200000 59.3
1121 11210000 64.7
1122 11220000 213.3
1123 11230000 226.0
1124 11240000 336.3
1125 11250000 156.7
1126 11260000 48.7
1127 11270000 126.0
1128 11280000 20.3
1129 11290000 170.0
1130 11300000 80.7
1131 11310000 16.0
1132 11320000 20.7
1133 11330000 19.0
1134 11340000 133.0
1135 11350000 324.3
1136 11360000 208.3
1137 11370000 22.0
1138 11380000 40.0
1139 11390000 374.0
1140 11400000 428.0
1141 11410000 359.7
1142 11420000 415.3
1143 11430000 379.3
1144 11440000 218.7
1145 11450000 342.3
1146 11460000 250.0
1147 11470000 275.3
1148 11480000 156.0
1149 11490000 171.0
1150 11500000 271.7
1151 11510000 188.0
1152 11520000 130.0
1153 11530000 34.0
1154 11540000 43.0
1155 11550000 366.0
1156 11560000 147.7
1157 11570000 31.0
1158 11580000 22.0
1159 11590000 22.7
1160 11600000 212.7
1161 11610000 369.7
1162 11620000 179.7
1163 11630000 304.7
1164 11640000 534.7
1165 11650000 372.0
1166 11660000 94.0
1167 11670000 91.0
1168 11680000 49.0
1169 11690000 255.0
1170 11700000 256.0
1171 11710000 257.0
1172 11720000 115.0
1173 11730000 180.0
1174 11740000 320.0
1175 11750000 145.0
1176 11760000 392.0
1177 11770000 166.0
1178 11780000 424.0
1179 11790000 46.0
1180 11800000 56.0
1181 11810000 357.0
1182 11820000 385.0
1183 11830000 336.0
1184 11840000 247.0
1185 11850000 111.0
1186 11860000 423.0
1187 11870000 423.0
1188 11880000 413.0
1189 11890000 430.0
1190 11900000 425.0
1191 11910000 98.0
1192 11920000 57.0
1193 11930000 78.0
1194 11940000 420.0
1195 11950000 81.0
1196 11960000 263.0
1197 11970000 379.0
1198 11980000 390.0
1199 11990000 354.0
1200 12000000 287.0
1201 12010000 91.0
1202 12020000 409.0
1203 12030000 217.0
1204 12040000 330.0
1205 12050000 186.0
1206 12060000 287.0
1207 12070000 426.0
1208 12080000 428.0
1209 12090000 239.0
1210 12100000 356.0
1211 12110000 38.0
1212 12120000 410.0
1213 12130000 341.0
1214 12140000 405.0
1215 12150000 355.0
1216 12160000 225.0
1217 12170000 20.0
1218 12180000 13.0
1219 12190000 428.0
1220 12200000 309.0
1221 12210000 432.0
1222 12220000 407.0
1223 12230000 27.0
1224 12240000 432.0
1225 12250000 356.0
1226 12260000 26.0
1227 12270000 25.0
1228 12280000 338.0
1229 12290000 255.0
1230 12300000 25.0
1231 12310000 55.0
1232 12320000 356.0
1233 12330000 50.0
1234 12340000 90.0
1235 12350000 339.0
1236 12360000 392.0
1237 12370000 87.0
1238 12380000 49.0
1239 12390000 64.0
1240 12400000 310.0
1241 12410000 493.7
1242 12420000 36.3
1243 12430000 357.7
1244 12440000 448.3
1245 12450000 429.3
1246 12460000 432.7
1247 12470000 428.3
1248 12480000 426.7
1249 12490000 381.3
1250 12500000 437.0
1251 12510000 340.3
1252 12520000 290.7
1253 12530000 48.7
1254 12540000 45.0
1255 12550000 544.3
1256 12560000 298.0
1257 12570000 193.0
1258 12580000 80.3
1259 12590000 336.0
1260 12600000 71.3
1261 12610000 55.0
1262 12620000 56.7
1263 12630000 84.7
1264 12640000 493.3
1265 12650000 431.7
1266 12660000 65.3
1267 12670000 388.0
1268 12680000 1658.3
1269 12690000 414.0
1270 12700000 107.0
1271 12710000 303.0
1272 12720000 429.0
1273 12730000 38.0
1274 12740000 378.0
1275 12750000 33.0
1276 12760000 379.0
1277 12770000 429.0
1278 12780000 306.0
1279 12790000 401.0
1280 12800000 39.0
1281 12810000 426.0
1282 12820000 26.0
1283 12830000 84.0
1284 12840000 411.0
1285 12850000 511.0
1286 12860000 1979.0
1287 12870000 15.0
1288 12880000 15.0
1289 12890000 390.0
1290 12900000 17.0
1291 12910000 250.0
1292 12920000 563.7
1293 12930000 639.3
1294 12940000 651.7
1295 12950000 7.0
1296 12960000 3.0
1297 12970000 0.0
1298 12980000 429.3
1299 12990000 3.3
1300 13000000 45.0
1301 13010000 77.3
1302 13020000 20.0
1303 13030000 423.3
1304 13040000 1833.3
1305 13050000 428.0
1306 13060000 22.0
1307 13070000 27.0
1308 13080000 294.0
1309 13090000 425.0
1310 13100000 429.0
1311 13110000 421.0
1312 13120000 28.0
1313 13130000 31.0
1314 13140000 395.0
1315 13150000 428.0
1316 13160000 190.0
1317 13170000 96.0
1318 13180000 2115.0
1319 13190000 2115.0
1320 13200000 423.0
1321 13210000 418.0
1322 13220000 388.0
1323 13230000 2115.0
1324 13240000 2115.0
1325 13250000 2115.0
1326 13260000 376.0
1327 13270000 419.0
1328 13280000 28.0
1329 13290000 282.0
1330 13300000 316.0
1331 13310000 2115.0
1332 13320000 429.0
1333 13330000 690.0
1334 13340000 366.0
1335 13350000 38.0
1336 13360000 414.0
1337 13370000 683.3
1338 13380000 304.0
1339 13390000 392.0
1340 13400000 360.0
1341 13410000 1053.7
1342 13420000 371.7
1343 13430000 444.0
1344 13440000 393.0
1345 13450000 437.3
1346 13460000 429.0
1347 13470000 428.0
1348 13480000 417.3
1349 13490000 959.7
1350 13500000 423.0
1351 13510000 419.0
1352 13520000 428.0
1353 13530000 381.0
1354 13540000 335.0
1355 13550000 298.0
1356 13560000 388.0
1357 13570000 1067.0
1358 13580000 393.0
1359 13590000 401.0
1360 13600000 427.3
1361 13610000 430.0
1362 13620000 41.0
1363 13630000 437.7
1364 13640000 552.3
1365 13650000 552.3
1366 13660000 427.7
1367 13670000 415.0
1368 13680000 434.0
1369 13690000 292.3
1370 13700000 475.0
1371 13710000 22.0
1372 13720000 425.3
1373 13730000 11.3
1374 13740000 8.7
1375 13750000 56.3
1376 13760000 25.0
1377 13770000 280.3
1378 13780000 85.0
1379 13790000 43.7
1380 13800000 312.7
1381 13810000 259.7
1382 13820000 47.0
1383 13830000 121.3
1384 13840000 404.0
1385 13850000 257.7
1386 13860000 60.7
1387 13870000 283.3
1388 13880000 488.7
1389 13890000 215.0
1390 13900000 1840.7
1391 13910000 2115.0
1392 13920000 2115.0
1393 13930000 427.0
1394 13940000 272.0
1395 13950000 39.0
1396 13960000 32.0
1397 13970000 48.0
1398 13980000 481.0
1399 13990000 387.0
1400 14000000 288.0
1401 14010000 61.0
1402 14020000 68.0
1403 14030000 21.0
1404 14040000 88.0
1405 14050000 345.0
1406 14060000 378.0
1407 14070000 421.0
1408 14080000 412.0
1409 14090000 1011.3
1410 14100000 427.0
1411 14110000 47.7
1412 14120000 491.7
1413 14130000 383.0
1414 14140000 436.0
1415 14150000 446.0
1416 14160000 313.0
1417 14170000 425.7
1418 14180000 416.7
1419 14190000 433.0
1420 14200000 371.7
1421 14210000 1854.0
1422 14220000 418.0
1423 14230000 433.0
1424 14240000 413.0
1425 14250000 360.0
1426 14260000 351.0
1427 14270000 332.0
1428 14280000 38.0
1429 14290000 34.0
1430 14300000 423.0
1431 14310000 1096.0
1432 14320000 385.3
1433 14330000 364.3
1434 14340000 441.0
1435 14350000 400.3
1436 14360000 432.3
1437 14370000 384.7
1438 14380000 424.0
1439 14390000 430.0
1440 14400000 431.3
1441 14410000 1833.3
1442 14420000 430.0
1443 14430000 429.0
1444 14440000 1895.0
1445 14450000 1113.0
1446 14460000 390.0
1447 14470000 441.7
1448 14480000 811.3
1449 14490000 298.7
1450 14500000 382.0
1451 14510000 315.0
1452 14520000 386.7
1453 14530000 390.0
1454 14540000 464.0
1455 14550000 27.0
1456 14560000 239.3
1457 14570000 253.7
1458 14580000 80.3
1459 14590000 77.0
1460 14600000 329.3
1461 14610000 65.7
1462 14620000 139.7
1463 14630000 27.7
1464 14640000 95.3
1465 14650000 82.3
1466 14660000 87.7
1467 14670000 315.0
1468 14680000 67.0
1469 14690000 24.0
1470 14700000 32.0
1471 14710000 219.0
1472 14720000 91.0
1473 14730000 133.3
1474 14740000 80.3
1475 14750000 213.7
1476 14760000 181.3
1477 14770000 116.0
1478 14780000 518.7
1479 14790000 312.7
1480 14800000 313.0
1481 14810000 1614.0
1482 14820000 646.7
1483 14830000 268.0
1484 14840000 430.0
1485 14850000 320.0
1486 14860000 14.0
1487 14870000 342.0
1488 14880000 352.0
1489 14890000 409.0
1490 14900000 345.0
1491 14910000 67.0
1492 14920000 159.0
1493 14930000 431.0
1494 14940000 2090.0
1495 14950000 431.0
1496 14960000 2090.0
1497 14970000 427.0
1498 14980000 429.0
1499 14990000 1115.3
1500 15000000 1561.0
1501 15010000 343.0
1502 15020000 428.0
1503 15030000 1895.0
1504 15040000 367.0
1505 15050000 430.0
1506 15060000 425.0
1507 15070000 2130.0
1508 15080000 2130.0
1509 15090000 382.0
1510 15100000 328.0
1511 15110000 426.0
1512 15120000 432.0
1513 15130000 251.0
1514 15140000 426.0
1515 15150000 406.0
1516 15160000 1035.0
1517 15170000 431.7
1518 15180000 431.3
1519 15190000 910.0
1520 15200000 427.0
1521 15210000 105.0
1522 15220000 188.0
1523 15230000 43.0
1524 15240000 34.0
1525 15250000 229.0
1526 15260000 36.0
1527 15270000 435.0
1528 15280000 431.0
1529 15290000 430.0
1530 15300000 149.0
1531 15310000 69.0
1532 15320000 52.0
1533 15330000 71.0
1534 15340000 43.0
1535 15350000 43.0
1536 15360000 42.0
1537 15370000 38.0
1538 15380000 207.0
1539 15390000 16.0
1540 15400000 325.0
