  0        0 9.0
  1    10000 9.0
  2    20000 9.0
  3    30000 8.3
  4    40000 9.0
  5    50000 7.7
  6    60000 9.3
  7    70000 3.3
  8    80000 1.7
  9    90000 3.3
 10   100000 1.7
 11   110000 5.0
 12   120000 1.7
 13   130000 2.3
 14   140000 8.7
 15   150000 6.3
 16   160000 5.0
 17   170000 7.7
 18   180000 8.0
 19   190000 4.7
 20   200000 10.3
 21   210000 12.0
 22   220000 12.0
 23   230000 8.3
 24   240000 10.3
 25   250000 13.0
 26   260000 11.7
 27   270000 12.0
 28   280000 9.0
 29   290000 8.7
 30   300000 12.0
 31   310000 13.0
 32   320000 12.0
 33   330000 16.0
 34   340000 14.0
 35   350000 15.3
 36   360000 13.0
 37   370000 13.0
 38   380000 13.3
 39   390000 12.7
 40   400000 10.3
 41   410000 11.0
 42   420000 13.7
 43   430000 18.3
 44   440000 14.3
 45   450000 10.0
 46   460000 18.0
 47   470000 15.0
 48   480000 7.3
 49   490000 14.7
 50   500000 19.3
 51   510000 9.3
 52   520000 17.3
 53   530000 20.3
 54   540000 18.3
 55   550000 16.7
 56   560000 17.7
 57   570000 10.7
 58   580000 18.3
 59   590000 17.0
 60   600000 15.0
 61   610000 16.3
 62   620000 17.0
 63   630000 18.3
 64   640000 16.3
 65   650000 29.0
 66   660000 24.3
 67   670000 22.0
 68   680000 19.0
 69   690000 17.7
 70   700000 20.0
 71   710000 25.3
 72   720000 21.3
 73   730000 21.3
 74   740000 23.7
 75   750000 20.7
 76   760000 23.7
 77   770000 19.3
 78   780000 21.3
 79   790000 22.7
 80   800000 17.0
 81   810000 23.3
 82   820000 20.0
 83   830000 23.7
 84   840000 24.7
 85   850000 23.0
 86   860000 18.3
 87   870000 26.7
 88   880000 27.3
 89   890000 32.3
 90   900000 21.3
 91   910000 27.7
 92   920000 31.0
 93   930000 23.7
 94   940000 30.3
 95   950000 26.0
 96   960000 28.7
 97   970000 21.3
 98   980000 23.0
 99   990000 30.3
100  1000000 25.0
101  1010000 34.7
102  1020000 35.0
103  1030000 25.0
104  1040000 24.3
105  1050000 30.3
106  1060000 36.0
107  1070000 25.3
108  1080000 24.7
109  1090000 29.7
110  1100000 27.0
111  1110000 32.0
112  1120000 33.7
113  1130000 37.7
114  1140000 22.0
115  1150000 31.3
116  1160000 41.7
117  1170000 27.3
118  1180000 32.0
119  1190000 28.7
120  1200000 43.3
121  1210000 36.3
122  1220000 33.7
123  1230000 30.3
124  1240000 34.3
125  1250000 37.0
126  1260000 39.3
127  1270000 23.7
128  1280000 35.7
129  1290000 28.3
130  1300000 31.7
131  1310000 40.7
132  1320000 44.7
133  1330000 37.3
134  1340000 32.3
135  1350000 38.0
136  1360000 33.7
137  1370000 30.7
138  1380000 41.7
139  1390000 37.0
140  1400000 37.7
141  1410000 32.0
142  1420000 39.7
143  1430000 38.7
144  1440000 38.7
145  1450000 49.7
146  1460000 36.3
147  1470000 37.7
148  1480000 41.0
149  1490000 33.3
150  1500000 44.3
151  1510000 28.3
152  1520000 42.3
153  1530000 40.3
154  1540000 41.7
155  1550000 36.3
156  1560000 48.3
157  1570000 30.0
158  1580000 27.3
159  1590000 47.3
160  1600000 38.3
161  1610000 36.7
162  1620000 36.7
163  1630000 38.0
164  1640000 29.3
165  1650000 44.3
166  1660000 37.0
167  1670000 36.7
168  1680000 39.7
169  1690000 32.0
170  1700000 46.3
171  1710000 55.7
172  1720000 41.0
173  1730000 31.7
174  1740000 34.7
175  1750000 46.7
176  1760000 37.7
177  1770000 34.7
178  1780000 42.7
179  1790000 36.7
180  1800000 54.7
181  1810000 39.0
182  1820000 39.0
183  1830000 27.3
184  1840000 32.3
185  1850000 30.3
186  1860000 40.0
187  1870000 45.3
188  1880000 24.0
189  1890000 44.3
190  1900000 34.3
191  1910000 35.7
192  1920000 36.0
193  1930000 37.7
194  1940000 39.7
195  1950000 35.0
196  1960000 34.7
197  1970000 44.3
198  1980000 37.0
199  1990000 38.7
200  2000000 46.3
201  2010000 36.3
202  2020000 51.0
203  2030000 36.0
204  2040000 34.0
205  2050000 37.7
206  2060000 36.3
207  2070000 46.7
208  2080000 42.0
209  2090000 39.7
210  2100000 37.7
211  2110000 42.0
212  2120000 40.0
213  2130000 40.0
214  2140000 35.0
215  2150000 31.7
216  2160000 43.3
217  2170000 45.0
218  2180000 51.3
219  2190000 46.7
220  2200000 34.0
221  2210000 112.7
222  2220000 38.3
223  2230000 42.0
224  2240000 36.0
225  2250000 44.0
226  2260000 39.7
227  2270000 57.0
228  2280000 32.3
229  2290000 51.7
230  2300000 32.7
231  2310000 46.0
232  2320000 30.0
233  2330000 46.3
234  2340000 46.0
235  2350000 22.3
236  2360000 30.7
237  2370000 44.7
238  2380000 37.3
239  2390000 36.7
240  2400000 41.3
241  2410000 46.7
242  2420000 62.0
243  2430000 40.0
244  2440000 36.7
245  2450000 44.3
246  2460000 31.3
247  2470000 43.0
248  2480000 42.0
249  2490000 49.3
250  2500000 37.0
251  2510000 51.7
252  2520000 57.7
253  2530000 52.3
254  2540000 61.3
255  2550000 39.0
256  2560000 34.0
257  2570000 45.3
258  2580000 55.3
259  2590000 52.0
260  2600000 63.0
261  2610000 58.3
262  2620000 58.7
263  2630000 61.0
264  2640000 50.3
265  2650000 69.7
266  2660000 36.0
267  2670000 35.3
268  2680000 46.7
269  2690000 46.0
270  2700000 53.3
271  2710000 54.7
272  2720000 43.3
273  2730000 45.3
274  2740000 55.7
275  2750000 31.3
276  2760000 54.7
277  2770000 53.7
278  2780000 67.0
279  2790000 54.7
280  2800000 41.3
281  2810000 70.7
282  2820000 62.7
283  2830000 61.0
284  2840000 67.0
285  2850000 48.0
286  2860000 30.3
287  2870000 47.0
288  2880000 52.0
289  2890000 62.7
290  2900000 41.3
291  2910000 45.3
292  2920000 71.3
293  2930000 55.3
294  2940000 132.0
295  2950000 49.3
296  2960000 50.3
297  2970000 60.7
298  2980000 63.0
299  2990000 44.7
300  3000000 45.3
301  3010000 47.0
302  3020000 49.0
303  3030000 89.3
304  3040000 41.0
305  3050000 30.0
306  3060000 26.0
307  3070000 57.0
308  3080000 56.0
309  3090000 63.3
310  3100000 33.0
311  3110000 78.0
312  3120000 91.0
313  3130000 62.3
314  3140000 53.3
315  3150000 59.3
316  3160000 58.7
317  3170000 57.7
318  3180000 47.7
319  3190000 47.7
320  3200000 60.7
321  3210000 103.7
322  3220000 81.0
323  3230000 47.0
324  3240000 68.0
325  3250000 59.7
326  3260000 59.0
327  3270000 77.3
328  3280000 59.0
329  3290000 50.0
330  3300000 60.0
331  3310000 69.0
332  3320000 73.7
333  3330000 52.7
334  3340000 117.3
335  3350000 55.3
336  3360000 61.7
337  3370000 57.0
338  3380000 87.7
339  3390000 78.3
340  3400000 48.3
341  3410000 97.0
342  3420000 61.3
343  3430000 92.0
344  3440000 40.7
345  3450000 46.0
346  3460000 58.0
347  3470000 85.0
348  3480000 49.0
349  3490000 59.0
350  3500000 67.7
351  3510000 55.7
352  3520000 51.0
353  3530000 68.3
354  3540000 65.0
355  3550000 66.0
356  3560000 64.0
357  3570000 84.0
358  3580000 95.7
359  3590000 61.0
360  3600000 59.3
361  3610000 41.7
362  3620000 48.0
363  3630000 54.0
364  3640000 104.7
365  3650000 52.7
366  3660000 74.7
367  3670000 61.7
368  3680000 77.3
369  3690000 151.3
370  3700000 48.3
371  3710000 75.7
372  3720000 93.0
373  3730000 74.3
374  3740000 50.7
375  3750000 32.3
376  3760000 69.7
377  3770000 39.3
378  3780000 67.3
379  3790000 109.7
380  3800000 114.3
381  3810000 163.0
382  3820000 70.3
383  3830000 60.3
384  3840000 43.0
385  3850000 72.3
386  3860000 43.0
387  3870000 49.7
388  3880000 72.7
389  3890000 52.3
390  3900000 64.7
391  3910000 146.0
392  3920000 38.7
393  3930000 100.7
394  3940000 70.3
395  3950000 70.3
396  3960000 82.7
397  3970000 67.7
398  3980000 94.7
399  3990000 69.0
400  4000000 75.3
401  4010000 36.0
402  4020000 61.0
403  4030000 23.0
404  4040000 70.7
405  4050000 142.3
406  4060000 60.0
407  4070000 119.7
408  4080000 61.3
409  4090000 126.3
410  4100000 58.0
411  4110000 69.0
412  4120000 113.3
413  4130000 149.7
414  4140000 124.7
415  4150000 58.3
416  4160000 90.0
417  4170000 67.0
418  4180000 46.7
419  4190000 76.3
420  4200000 127.3
421  4210000 145.7
422  4220000 26.3
423  4230000 47.3
424  4240000 51.0
425  4250000 43.3
426  4260000 69.0
427  4270000 75.3
428  4280000 34.3
429  4290000 24.0
430  4300000 37.0
431  4310000 41.3
432  4320000 83.3
433  4330000 96.3
434  4340000 110.7
435  4350000 81.3
436  4360000 35.3
437  4370000 129.7
438  4380000 134.0
439  4390000 59.7
440  4400000 63.7
441  4410000 147.3
442  4420000 52.7
443  4430000 43.3
444  4440000 96.3
445  4450000 59.0
446  4460000 71.0
447  4470000 84.0
448  4480000 173.3
449  4490000 47.0
450  4500000 57.7
451  4510000 64.0
452  4520000 36.3
453  4530000 51.3
454  4540000 100.7
455  4550000 61.3
456  4560000 66.0
457  4570000 82.7
458  4580000 92.3
459  4590000 31.3
460  4600000 111.0
461  4610000 148.7
462  4620000 57.3
463  4630000 78.3
464  4640000 97.7
465  4650000 47.0
466  4660000 148.0
467  4670000 89.3
468  4680000 68.3
469  4690000 88.7
470  4700000 112.7
471  4710000 71.3
472  4720000 82.3
473  4730000 85.0
474  4740000 90.3
475  4750000 27.7
476  4760000 32.3
477  4770000 45.0
478  4780000 120.7
479  4790000 46.3
480  4800000 59.0
481  4810000 42.7
482  4820000 42.7
483  4830000 99.0
484  4840000 109.3
485  4850000 156.0
486  4860000 123.3
487  4870000 43.0
488  4880000 58.0
489  4890000 192.3
490  4900000 46.7
491  4910000 120.0
492  4920000 32.0
493  4930000 126.0
494  4940000 39.7
495  4950000 141.3
496  4960000 147.0
497  4970000 48.7
498  4980000 90.7
499  4990000 113.3
500  5000000 247.7
501  5010000 33.3
502  5020000 45.0
503  5030000 64.3
504  5040000 96.3
505  5050000 72.7
506  5060000 75.7
507  5070000 51.0
508  5080000 155.0
509  5090000 81.0
510  5100000 36.0
511  5110000 129.3
512  5120000 63.3
513  5130000 62.3
514  5140000 172.7
515  5150000 120.0
516  5160000 55.3
517  5170000 35.7
518  5180000 54.0
519  5190000 45.7
520  5200000 112.0
521  5210000 101.7
522  5220000 32.3
523  5230000 128.3
524  5240000 62.0
525  5250000 91.0
526  5260000 59.7
527  5270000 41.7
528  5280000 73.7
529  5290000 112.3
530  5300000 150.7
531  5310000 154.7
532  5320000 38.3
533  5330000 38.7
534  5340000 12.3
535  5350000 16.7
536  5360000 36.3
537  5370000 64.3
538  5380000 59.0
539  5390000 68.3
540  5400000 57.7
541  5410000 53.0
542  5420000 54.0
543  5430000 104.3
544  5440000 100.0
545  5450000 51.7
546  5460000 93.0
547  5470000 56.0
548  5480000 148.7
549  5490000 45.7
550  5500000 31.3
551  5510000 40.7
552  5520000 108.7
553  5530000 130.0
554  5540000 56.3
555  5550000 58.0
556  5560000 146.0
557  5570000 79.7
558  5580000 74.0
559  5590000 64.7
560  5600000 188.7
561  5610000 110.0
562  5620000 85.0
563  5630000 58.7
564  5640000 56.0
565  5650000 49.7
566  5660000 142.7
567  5670000 61.7
568  5680000 77.0
569  5690000 71.0
570  5700000 101.3
571  5710000 48.3
572  5720000 40.0
573  5730000 36.0
574  5740000 48.7
575  5750000 72.0
576  5760000 52.3
577  5770000 93.0
578  5780000 61.0
579  5790000 109.0
580  5800000 158.3
581  5810000 112.3
582  5820000 98.7
583  5830000 76.0
584  5840000 60.0
585  5850000 107.0
586  5860000 102.0
587  5870000 53.0
588  5880000 140.3
589  5890000 67.7
590  5900000 107.7
591  5910000 79.3
592  5920000 111.7
593  5930000 121.7
594  5940000 66.7
595  5950000 75.0
596  5960000 104.0
597  5970000 73.7
598  5980000 47.7
599  5990000 27.0
600  6000000 28.7
601  6010000 110.3
602  6020000 103.0
603  6030000 52.3
604  6040000 130.7
605  6050000 112.0
606  6060000 81.7
607  6070000 48.0
608  6080000 52.0
609  6090000 63.3
610  6100000 86.3
611  6110000 48.7
612  6120000 72.0
613  6130000 85.3
614  6140000 120.7
615  6150000 77.0
616  6160000 79.3
617  6170000 60.0
618  6180000 76.0
619  6190000 148.7
620  6200000 55.3
621  6210000 47.0
622  6220000 73.3
623  6230000 107.0
624  6240000 58.0
625  6250000 51.0
626  6260000 50.7
627  6270000 25.0
628  6280000 112.3
629  6290000 39.0
630  6300000 53.3
631  6310000 63.0
632  6320000 101.7
633  6330000 175.3
634  6340000 68.3
635  6350000 115.7
636  6360000 92.7
637  6370000 64.3
638  6380000 113.0
639  6390000 56.3
640  6400000 100.7
641  6410000 126.0
642  6420000 34.0
643  6430000 80.0
644  6440000 45.7
645  6450000 30.3
646  6460000 38.7
647  6470000 138.0
648  6480000 105.0
649  6490000 143.7
650  6500000 122.7
651  6510000 43.0
652  6520000 86.3
653  6530000 53.3
654  6540000 72.0
655  6550000 86.0
656  6560000 141.0
657  6570000 88.0
658  6580000 39.3
659  6590000 110.7
660  6600000 76.7
661  6610000 38.3
662  6620000 78.3
663  6630000 46.0
664  6640000 58.0
665  6650000 62.3
666  6660000 160.0
667  6670000 97.0
668  6680000 118.0
669  6690000 39.7
670  6700000 133.3
671  6710000 52.0
672  6720000 107.3
673  6730000 86.3
674  6740000 77.7
675  6750000 67.3
676  6760000 86.0
677  6770000 86.7
678  6780000 94.3
679  6790000 97.7
680  6800000 56.0
681  6810000 51.3
682  6820000 40.7
683  6830000 101.0
684  6840000 74.3
685  6850000 38.7
686  6860000 55.0
687  6870000 102.7
688  6880000 135.7
689  6890000 52.7
690  6900000 157.7
691  6910000 131.0
692  6920000 69.7
693  6930000 81.7
694  6940000 113.0
695  6950000 42.7
696  6960000 124.0
697  6970000 58.0
698  6980000 46.3
699  6990000 24.0
700  7000000 27.7
701  7010000 160.0
702  7020000 135.0
703  7030000 58.7
704  7040000 105.7
705  7050000 64.0
706  7060000 34.7
707  7070000 42.0
708  7080000 40.7
709  7090000 27.3
710  7100000 43.3
711  7110000 47.7
712  7120000 45.7
713  7130000 78.3
714  7140000 130.3
715  7150000 43.7
716  7160000 69.7
717  7170000 59.0
718  7180000 70.0
719  7190000 60.3
720  7200000 43.3
721  7210000 52.3
722  7220000 77.0
723  7230000 104.0
724  7240000 56.7
725  7250000 62.7
726  7260000 83.0
727  7270000 79.3
728  7280000 64.7
729  7290000 37.0
730  7300000 93.3
731  7310000 113.3
732  7320000 40.0
733  7330000 144.0
734  7340000 152.7
735  7350000 183.7
736  7360000 51.0
737  7370000 54.3
738  7380000 31.0
739  7390000 90.3
740  7400000 87.3
741  7410000 52.0
742  7420000 46.7
743  7430000 79.3
744  7440000 64.3
745  7450000 68.3
746  7460000 42.7
747  7470000 58.0
748  7480000 52.3
749  7490000 158.3
750  7500000 163.3
751  7510000 132.3
752  7520000 65.7
753  7530000 144.3
754  7540000 64.7
755  7550000 122.0
756  7560000 56.0
757  7570000 47.7
758  7580000 59.3
759  7590000 84.3
760  7600000 125.3
761  7610000 144.0
762  7620000 81.7
763  7630000 84.7
764  7640000 138.7
765  7650000 145.3
766  7660000 89.3
767  7670000 46.0
768  7680000 67.7
769  7690000 71.0
770  7700000 23.0
771  7710000 34.7
772  7720000 23.0
773  7730000 32.0
774  7740000 39.3
775  7750000 59.3
776  7760000 148.3
777  7770000 83.7
778  7780000 106.7
779  7790000 175.3
780  7800000 55.0
781  7810000 51.7
782  7820000 115.7
783  7830000 82.3
784  7840000 39.7
785  7850000 59.0
786  7860000 86.0
787  7870000 54.3
788  7880000 197.3
789  7890000 69.0
790  7900000 50.3
791  7910000 46.0
792  7920000 136.7
793  7930000 55.3
794  7940000 70.3
795  7950000 172.7
796  7960000 108.3
797  7970000 31.3
798  7980000 61.0
799  7990000 24.7
800  8000000 63.3
801  8010000 152.0
802  8020000 36.7
803  8030000 53.7
804  8040000 85.0
805  8050000 112.7
806  8060000 97.7
807  8070000 50.0
808  8080000 61.0
809  8090000 96.3
810  8100000 55.0
811  8110000 53.3
812  8120000 99.0
813  8130000 170.0
814  8140000 115.7
815  8150000 39.0
816  8160000 69.0
817  8170000 36.7
818  8180000 52.7
819  8190000 56.7
820  8200000 48.7
821  8210000 173.3
822  8220000 99.7
823  8230000 47.7
824  8240000 49.0
825  8250000 48.7
826  8260000 62.3
827  8270000 30.3
828  8280000 28.7
829  8290000 127.3
830  8300000 44.0
831  8310000 24.3
832  8320000 51.3
833  8330000 33.7
834  8340000 28.0
835  8350000 33.3
836  8360000 89.7
837  8370000 28.0
838  8380000 44.0
839  8390000 112.7
840  8400000 139.3
841  8410000 245.0
842  8420000 84.3
843  8430000 154.3
844  8440000 72.7
845  8450000 52.0
846  8460000 32.7
847  8470000 42.7
848  8480000 78.0
849  8490000 40.0
850  8500000 31.7
851  8510000 58.0
852  8520000 80.7
853  8530000 58.7
854  8540000 37.7
855  8550000 23.3
856  8560000 60.0
857  8570000 55.0
858  8580000 36.0
859  8590000 145.0
860  8600000 46.3
861  8610000 59.7
862  8620000 119.0
863  8630000 161.0
864  8640000 78.0
865  8650000 41.0
866  8660000 49.3
867  8670000 118.7
868  8680000 44.0
869  8690000 29.7
870  8700000 31.0
871  8710000 81.0
872  8720000 74.7
873  8730000 57.7
874  8740000 40.3
875  8750000 41.3
876  8760000 34.3
877  8770000 38.7
878  8780000 118.7
879  8790000 103.7
880  8800000 95.3
881  8810000 70.0
882  8820000 40.3
883  8830000 51.3
884  8840000 109.3
885  8850000 55.3
886  8860000 35.3
887  8870000 47.3
888  8880000 24.3
889  8890000 90.3
890  8900000 138.0
891  8910000 87.3
892  8920000 62.0
893  8930000 59.7
894  8940000 118.7
895  8950000 49.7
896  8960000 92.0
897  8970000 39.7
898  8980000 39.0
899  8990000 126.7
900  9000000 150.3
901  9010000 102.3
902  9020000 69.3
903  9030000 198.7
904  9040000 37.3
905  9050000 91.7
906  9060000 8.7
907  9070000 52.0
908  9080000 21.0
909  9090000 30.3
910  9100000 29.7
911  9110000 39.3
912  9120000 95.3
913  9130000 24.3
914  9140000 116.7
915  9150000 20.0
916  9160000 38.7
917  9170000 32.3
918  9180000 71.3
919  9190000 65.3
920  9200000 111.0
921  9210000 206.3
922  9220000 92.7
923  9230000 50.0
924  9240000 134.7
925  9250000 67.3
926  9260000 163.7
927  9270000 49.7
928  9280000 151.7
929  9290000 65.7
930  9300000 118.0
931  9310000 176.3
932  9320000 55.0
933  9330000 47.0
934  9340000 109.3
935  9350000 145.0
936  9360000 50.3
937  9370000 95.0
938  9380000 74.0
939  9390000 50.0
940  9400000 121.0
941  9410000 62.7
942  9420000 158.0
943  9430000 166.3
944  9440000 101.3
945  9450000 106.3
946  9460000 121.0
947  9470000 49.3
948  9480000 54.3
949  9490000 140.0
950  9500000 15.0
951  9510000 96.7
952  9520000 120.0
953  9530000 95.0
954  9540000 207.7
955  9550000 31.7
956  9560000 36.3
957  9570000 45.3
958  9580000 117.0
959  9590000 50.3
960  9600000 141.3
961  9610000 81.7
962  9620000 111.3
963  9630000 107.0
964  9640000 22.7
965  9650000 134.3
966  9660000 103.0
967  9670000 83.3
968  9680000 49.0
969  9690000 72.7
970  9700000 32.7
971  9710000 69.7
972  9720000 84.7
973  9730000 55.3
974  9740000 32.3
975  9750000 49.0
976  9760000 41.7
977  9770000 34.7
978  9780000 55.0
979  9790000 112.0
980  9800000 45.3
981  9810000 32.0
982  9820000 136.0
983  9830000 38.7
984  9840000 49.7
985  9850000 73.0
986  9860000 108.3
987  9870000 40.3
988  9880000 85.7
989  9890000 56.3
990  9900000 138.3
991  9910000 60.3
992  9920000 41.3
993  9930000 61.7
994  9940000 59.7
995  9950000 97.3
996  9960000 123.0
997  9970000 135.3
998  9980000 114.3
999  9990000 42.0
1000 10000000 35.7
1001 10010000 94.7
1002 10020000 19.7
1003 10030000 50.3
1004 10040000 30.0
1005 10050000 109.3
1006 10060000 119.3
1007 10070000 38.7
1008 10080000 159.3
1009 10090000 61.7
1010 10100000 26.3
1011 10110000 64.3
1012 10120000 12.0
1013 10130000 118.7
1014 10140000 50.3
1015 10150000 43.3
1016 10160000 108.0
1017 10170000 139.3
1018 10180000 64.0
1019 10190000 128.0
1020 10200000 41.3
1021 10210000 61.3
1022 10220000 123.3
1023 10230000 23.7
1024 10240000 21.0
1025 10250000 132.0
1026 10260000 40.3
1027 10270000 30.7
1028 10280000 95.0
1029 10290000 25.3
1030 10300000 130.7
1031 10310000 48.0
1032 10320000 59.7
1033 10330000 39.7
1034 10340000 180.7
1035 10350000 19.0
1036 10360000 12.0
1037 10370000 19.7
1038 10380000 15.0
1039 10390000 23.7
1040 10400000 27.0
1041 10410000 125.3
1042 10420000 40.3
1043 10430000 28.3
1044 10440000 86.3
1045 10450000 106.7
1046 10460000 98.0
1047 10470000 144.0
1048 10480000 23.0
1049 10490000 131.3
1050 10500000 54.3
1051 10510000 23.0
1052 10520000 156.0
1053 10530000 94.0
1054 10540000 53.0
1055 10550000 17.0
1056 10560000 41.0
1057 10570000 71.0
1058 10580000 46.7
1059 10590000 102.7
1060 10600000 46.0
1061 10610000 39.0
1062 10620000 16.7
1063 10630000 17.3
1064 10640000 20.7
1065 10650000 40.7
1066 10660000 153.0
1067 10670000 61.3
1068 10680000 26.3
1069 10690000 40.0
1070 10700000 35.7
1071 10710000 75.3
1072 10720000 66.0
1073 10730000 149.7
1074 10740000 25.0
1075 10750000 179.0
1076 10760000 33.0
1077 10770000 27.3
1078 10780000 30.7
1079 10790000 31.0
1080 10800000 168.0
1081 10810000 21.7
1082 10820000 80.0
1083 10830000 107.3
1084 10840000 120.0
1085 10850000 15.3
1086 10860000 49.7
1087 10870000 102.3
1088 10880000 189.3
1089 10890000 47.0
1090 10900000 107.7
1091 10910000 147.7
1092 10920000 200.3
1093 10930000 41.3
1094 10940000 56.7
1095 10950000 114.0
1096 10960000 43.3
1097 10970000 144.7
1098 10980000 81.3
1099 10990000 42.7
1100 11000000 111.0
1101 11010000 58.7
1102 11020000 66.0
1103 11030000 106.0
1104 11040000 149.3
1105 11050000 56.7
1106 11060000 153.3
1107 11070000 160.7
1108 11080000 113.3
1109 11090000 24.7
1110 11100000 102.7
1111 11110000 100.3
1112 11120000 84.0
1113 11130000 105.0
1114 11140000 35.7
1115 11150000 122.7
1116 11160000 128.7
1117 11170000 219.0
1118 11180000 106.3
1119 11190000 29.0
1120 11200000 127.7
1121 11210000 33.3
1122 11220000 77.0
1123 11230000 68.3
1124 11240000 85.0
1125 11250000 114.3
1126 11260000 80.0
1127 11270000 171.3
1128 11280000 152.7
1129 11290000 37.3
1130 11300000 48.0
1131 11310000 204.7
1132 11320000 86.3
1133 11330000 116.0
1134 11340000 39.0
1135 11350000 17.7
1136 11360000 47.7
1137 11370000 68.7
1138 11380000 33.3
1139 11390000 120.7
1140 11400000 27.7
1141 11410000 45.0
1142 11420000 54.0
1143 11430000 115.3
1144 11440000 78.7
1145 11450000 72.0
1146 11460000 197.0
1147 11470000 53.0
1148 11480000 26.3
1149 11490000 128.3
1150 11500000 33.3
1151 11510000 167.3
1152 11520000 146.7
1153 11530000 95.7
1154 11540000 119.0
1155 11550000 80.7
1156 11560000 81.3
1157 11570000 84.3
1158 11580000 131.7
1159 11590000 41.7
1160 11600000 47.3
1161 11610000 99.7
1162 11620000 142.7
1163 11630000 89.3
1164 11640000 103.0
1165 11650000 63.0
1166 11660000 63.0
1167 11670000 42.0
1168 11680000 113.3
1169 11690000 115.7
1170 11700000 66.7
1171 11710000 13.7
1172 11720000 117.0
1173 11730000 64.3
1174 11740000 30.7
1175 11750000 36.3
1176 11760000 115.0
1177 11770000 21.3
1178 11780000 46.0
1179 11790000 17.3
1180 11800000 32.0
1181 11810000 64.0
1182 11820000 46.3
1183 11830000 44.7
1184 11840000 103.0
1185 11850000 54.3
1186 11860000 132.7
1187 11870000 40.3
1188 11880000 26.3
1189 11890000 85.3
1190 11900000 70.7
1191 11910000 82.0
1192 11920000 61.0
1193 11930000 54.3
1194 11940000 113.0
1195 11950000 77.7
1196 11960000 106.0
1197 11970000 33.7
1198 11980000 37.3
1199 11990000 19.0
1200 12000000 87.0
1201 12010000 35.0
1202 12020000 211.3
1203 12030000 22.3
1204 12040000 67.3
1205 12050000 105.0
1206 12060000 99.7
1207 12070000 71.0
1208 12080000 97.0
1209 12090000 121.3
1210 12100000 93.7
1211 12110000 107.0
1212 12120000 55.3
1213 12130000 35.3
1214 12140000 82.0
1215 12150000 41.0
1216 12160000 118.0
1217 12170000 94.0
1218 12180000 79.0
1219 12190000 68.3
1220 12200000 80.7
1221 12210000 30.3
1222 12220000 14.7
1223 12230000 159.0
1224 12240000 99.0
1225 12250000 107.0
1226 12260000 30.0
1227 12270000 98.3
1228 12280000 70.0
1229 12290000 45.3
1230 12300000 109.0
1231 12310000 111.0
1232 12320000 46.0
1233 12330000 63.3
1234 12340000 26.0
1235 12350000 110.0
1236 12360000 99.3
1237 12370000 59.7
1238 12380000 162.7
1239 12390000 88.3
1240 12400000 47.3
1241 12410000 73.0
1242 12420000 122.7
1243 12430000 30.7
1244 12440000 193.3
1245 12450000 46.7
1246 12460000 156.3
1247 12470000 102.0
1248 12480000 59.3
1249 12490000 52.3
1250 12500000 142.7
1251 12510000 22.0
1252 12520000 23.7
1253 12530000 31.3
1254 12540000 41.3
1255 12550000 76.0
1256 12560000 39.7
1257 12570000 33.7
1258 12580000 14.3
1259 12590000 93.7
1260 12600000 21.0
1261 12610000 54.0
1262 12620000 27.7
1263 12630000 68.7
1264 12640000 80.3
1265 12650000 114.3
1266 12660000 85.7
1267 12670000 22.7
1268 12680000 140.0
1269 12690000 21.7
1270 12700000 116.3
1271 12710000 186.7
1272 12720000 75.3
1273 12730000 124.7
1274 12740000 88.7
1275 12750000 36.3
1276 12760000 48.3
1277 12770000 20.7
1278 12780000 68.7
1279 12790000 86.0
1280 12800000 50.7
1281 12810000 99.0
1282 12820000 129.0
1283 12830000 127.0
1284 12840000 145.0
1285 12850000 12.7
1286 12860000 69.3
1287 12870000 112.0
1288 12880000 64.3
1289 12890000 114.7
1290 12900000 133.3
1291 12910000 30.0
1292 12920000 28.3
1293 12930000 157.7
1294 12940000 63.0
1295 12950000 50.0
1296 12960000 72.3
1297 12970000 24.0
1298 12980000 122.7
1299 12990000 92.0
1300 13000000 47.7
1301 13010000 91.7
1302 13020000 107.7
1303 13030000 56.3
1304 13040000 44.0
1305 13050000 143.0
1306 13060000 20.3
1307 13070000 45.0
1308 13080000 133.7
1309 13090000 60.7
1310 13100000 135.7
1311 13110000 93.0
1312 13120000 56.7
1313 13130000 8.7
1314 13140000 21.3
1315 13150000 170.7
1316 13160000 53.3
1317 13170000 23.3
1318 13180000 16.3
1319 13190000 34.7
1320 13200000 81.7
1321 13210000 35.0
1322 13220000 135.0
1323 13230000 34.0
1324 13240000 29.3
1325 13250000 110.3
1326 13260000 26.3
1327 13270000 13.0
1328 13280000 64.3
1329 13290000 13.0
1330 13300000 74.3
1331 13310000 23.3
1332 13320000 18.3
1333 13330000 44.3
1334 13340000 41.7
1335 13350000 22.7
1336 13360000 23.0
1337 13370000 79.3
1338 13380000 52.7
1339 13390000 33.7
1340 13400000 35.0
1341 13410000 20.7
1342 13420000 132.3
1343 13430000 79.3
1344 13440000 114.0
1345 13450000 97.7
1346 13460000 37.0
1347 13470000 10.3
1348 13480000 24.0
1349 13490000 36.0
1350 13500000 11.7
1351 13510000 30.0
1352 13520000 86.3
1353 13530000 73.3
1354 13540000 131.3
1355 13550000 105.0
1356 13560000 110.0
1357 13570000 141.3
1358 13580000 20.0
1359 13590000 36.0
1360 13600000 97.7
1361 13610000 43.3
1362 13620000 75.3
1363 13630000 71.3
1364 13640000 150.0
1365 13650000 32.0
1366 13660000 152.7
1367 13670000 37.3
1368 13680000 158.7
1369 13690000 10.7
1370 13700000 119.0
1371 13710000 21.0
1372 13720000 100.3
1373 13730000 16.3
1374 13740000 12.0
1375 13750000 32.3
1376 13760000 34.7
1377 13770000 27.7
1378 13780000 20.0
1379 13790000 13.0
1380 13800000 87.3
1381 13810000 29.7
1382 13820000 21.7
1383 13830000 57.7
1384 13840000 61.0
1385 13850000 95.7
1386 13860000 80.7
1387 13870000 81.0
1388 13880000 42.3
1389 13890000 42.3
1390 13900000 14.3
1391 13910000 44.3
1392 13920000 41.7
1393 13930000 46.3
1394 13940000 39.3
1395 13950000 41.3
1396 13960000 26.7
1397 13970000 36.7
1398 13980000 36.7
1399 13990000 90.3
1400 14000000 75.7
1401 14010000 95.0
1402 14020000 111.3
1403 14030000 48.0
1404 14040000 62.7
1405 14050000 83.0
1406 14060000 114.7
1407 14070000 168.3
1408 14080000 100.7
1409 14090000 31.3
1410 14100000 25.0
1411 14110000 126.0
1412 14120000 59.0
1413 14130000 84.0
1414 14140000 32.0
1415 14150000 7.7
1416 14160000 18.0
1417 14170000 26.7
1418 14180000 13.7
1419 14190000 102.7
1420 14200000 24.7
1421 14210000 22.0
1422 14220000 19.7
1423 14230000 34.0
1424 14240000 26.7
1425 14250000 40.3
1426 14260000 37.7
1427 14270000 34.7
1428 14280000 53.7
1429 14290000 14.7
1430 14300000 150.0
1431 14310000 113.7
1432 14320000 34.3
1433 14330000 79.0
1434 14340000 56.3
1435 14350000 34.0
1436 14360000 24.3
1437 14370000 7.3
1438 14380000 78.0
1439 14390000 70.7
1440 14400000 35.0
1441 14410000 57.7
1442 14420000 49.7
1443 14430000 26.3
1444 14440000 13.0
1445 14450000 97.7
1446 14460000 23.7
1447 14470000 39.0
1448 14480000 26.0
1449 14490000 21.0
1450 14500000 18.0
1451 14510000 35.0
1452 14520000 20.3
1453 14530000 100.3
1454 14540000 57.7
1455 14550000 95.3
1456 14560000 19.0
1457 14570000 32.0
1458 14580000 29.7
1459 14590000 30.3
1460 14600000 33.7
1461 14610000 113.7
1462 14620000 123.3
1463 14630000 40.3
1464 14640000 122.7
1465 14650000 83.7
1466 14660000 23.7
1467 14670000 32.0
1468 14680000 16.3
1469 14690000 47.0
1470 14700000 149.3
1471 14710000 185.7
1472 14720000 65.0
1473 14730000 23.3
1474 14740000 91.3
1475 14750000 32.3
1476 14760000 34.0
1477 14770000 130.3
1478 14780000 102.7
1479 14790000 52.0
1480 14800000 125.0
1481 14810000 33.7
1482 14820000 17.7
1483 14830000 33.3
1484 14840000 16.0
1485 14850000 121.3
1486 14860000 30.3
1487 14870000 58.7
1488 14880000 60.3
1489 14890000 29.0
1490 14900000 20.7
1491 14910000 87.0
1492 14920000 130.0
1493 14930000 45.0
1494 14940000 15.0
1495 14950000 56.3
1496 14960000 99.7
1497 14970000 17.3
1498 14980000 32.7
1499 14990000 87.3
1500 15000000 16.7
1501 15010000 19.3
1502 15020000 103.0
1503 15030000 106.3
1504 15040000 23.3
1505 15050000 29.7
1506 15060000 46.7
1507 15070000 26.3
1508 15080000 199.7
1509 15090000 51.7
1510 15100000 126.7
1511 15110000 100.0
1512 15120000 96.3
1513 15130000 65.7
1514 15140000 42.7
1515 15150000 135.3
1516 15160000 29.7
1517 15170000 75.3
1518 15180000 103.0
1519 15190000 33.7
1520 15200000 117.7
1521 15210000 90.7
1522 15220000 92.7
1523 15230000 84.7
1524 15240000 23.3
1525 15250000 53.7
1526 15260000 86.3
1527 15270000 139.0
1528 15280000 71.0
1529 15290000 19.3
1530 15300000 37.7
1531 15310000 16.3
1532 15320000 22.7
1533 15330000 67.3
1534 15340000 25.0
1535 15350000 21.3
1536 15360000 145.3
1537 15370000 103.0
1538 15380000 89.7
1539 15390000 57.0
1540 15400000 48.7
1541 15410000 16.0
1542 15420000 121.7
1543 15430000 112.7
1544 15440000 74.3
1545 15450000 36.7
1546 15460000 17.7
1547 15470000 109.3
1548 15480000 23.3
1549 15490000 24.7
1550 15500000 47.3
1551 15510000 23.3
1552 15520000 68.0
1553 15530000 26.7
1554 15540000 53.3
1555 15550000 33.7
1556 15560000 35.0
1557 15570000 58.7
1558 15580000 33.0
1559 15590000 60.3
1560 15600000 221.0
1561 15610000 127.0
1562 15620000 164.0
1563 15630000 44.7
1564 15640000 46.0
1565 15650000 45.7
1566 15660000 95.0
1567 15670000 76.0
1568 15680000 85.3
1569 15690000 30.0
1570 15700000 46.7
1571 15710000 34.7
1572 15720000 38.7
1573 15730000 19.0
1574 15740000 37.7
1575 15750000 34.3
1576 15760000 39.0
1577 15770000 14.7
1578 15780000 34.0
1579 15790000 31.0
1580 15800000 103.0
1581 15810000 25.7
1582 15820000 31.0
1583 15830000 38.7
1584 15840000 43.7
1585 15850000 99.0
1586 15860000 47.0
1587 15870000 41.0
1588 15880000 128.0
1589 15890000 129.7
1590 15900000 18.7
1591 15910000 92.3
1592 15920000 81.7
1593 15930000 30.7
1594 15940000 64.3
1595 15950000 108.3
1596 15960000 19.0
1597 15970000 167.3
1598 15980000 51.7
1599 15990000 25.3
1600 16000000 39.0
1601 16010000 22.0
1602 16020000 20.3
1603 16030000 32.3
1604 16040000 55.7
1605 16050000 50.7
1606 16060000 185.3
1607 16070000 98.3
1608 16080000 112.7
1609 16090000 73.0
1610 16100000 10.0
1611 16110000 134.7
1612 16120000 167.3
1613 16130000 28.7
1614 16140000 22.7
1615 16150000 33.0
1616 16160000 22.3
1617 16170000 43.7
1618 16180000 67.3
1619 16190000 17.7
1620 16200000 24.3
1621 16210000 26.0
1622 16220000 22.0
1623 16230000 26.3
1624 16240000 63.0
1625 16250000 120.0
1626 16260000 45.0
1627 16270000 43.0
1628 16280000 27.3
1629 16290000 70.0
1630 16300000 97.3
1631 16310000 68.3
1632 16320000 36.7
1633 16330000 78.7
1634 16340000 20.0
1635 16350000 22.7
1636 16360000 134.7
1637 16370000 53.3
1638 16380000 16.7
1639 16390000 33.3
1640 16400000 27.0
1641 16410000 35.0
1642 16420000 38.7
1643 16430000 47.0
1644 16440000 36.0
1645 16450000 35.3
1646 16460000 25.7
1647 16470000 26.7
1648 16480000 86.7
1649 16490000 33.3
1650 16500000 38.7
1651 16510000 15.0
1652 16520000 80.0
1653 16530000 19.0
1654 16540000 73.3
1655 16550000 64.0
1656 16560000 50.7
1657 16570000 55.7
1658 16580000 49.3
1659 16590000 169.3
1660 16600000 18.0
1661 16610000 65.3
1662 16620000 45.0
1663 16630000 68.0
1664 16640000 67.3
1665 16650000 22.3
1666 16660000 25.7
1667 16670000 31.7
1668 16680000 104.7
1669 16690000 52.0
1670 16700000 50.7
1671 16710000 60.3
1672 16720000 91.7
1673 16730000 9.7
1674 16740000 85.3
1675 16750000 93.3
1676 16760000 106.7
1677 16770000 12.7
1678 16780000 54.0
1679 16790000 31.7
1680 16800000 79.7
1681 16810000 18.3
1682 16820000 20.7
1683 16830000 87.0
1684 16840000 46.0
1685 16850000 64.0
1686 16860000 23.7
1687 16870000 69.3
1688 16880000 29.7
1689 16890000 53.3
1690 16900000 45.3
1691 16910000 21.3
1692 16920000 12.0
1693 16930000 23.0
1694 16940000 48.0
1695 16950000 28.7
1696 16960000 85.3
1697 16970000 91.7
1698 16980000 34.7
1699 16990000 19.7
1700 17000000 32.3
1701 17010000 102.0
1702 17020000 51.0
1703 17030000 102.7
1704 17040000 31.7
1705 17050000 30.7
1706 17060000 37.7
1707 17070000 43.7
1708 17080000 48.3
1709 17090000 111.7
1710 17100000 32.7
1711 17110000 121.7
1712 17120000 92.3
1713 17130000 84.7
1714 17140000 73.7
1715 17150000 48.3
1716 17160000 104.7
1717 17170000 63.7
1718 17180000 97.3
1719 17190000 96.3
1720 17200000 19.7
1721 17210000 67.0
1722 17220000 25.3
1723 17230000 42.7
1724 17240000 72.0
1725 17250000 15.0
1726 17260000 105.7
1727 17270000 13.0
1728 17280000 35.3
1729 17290000 102.3
1730 17300000 71.3
1731 17310000 21.7
1732 17320000 36.3
1733 17330000 103.0
1734 17340000 102.7
1735 17350000 98.0
1736 17360000 100.3
1737 17370000 137.0
1738 17380000 42.0
1739 17390000 71.0
1740 17400000 70.3
1741 17410000 135.0
1742 17420000 29.7
1743 17430000 42.0
1744 17440000 33.7
1745 17450000 25.0
1746 17460000 46.7
1747 17470000 40.3
1748 17480000 104.0
1749 17490000 126.7
1750 17500000 23.0
1751 17510000 28.3
1752 17520000 86.3
1753 17530000 99.3
1754 17540000 120.7
1755 17550000 198.0
1756 17560000 17.7
1757 17570000 36.3
1758 17580000 11.0
1759 17590000 43.0
1760 17600000 134.3
1761 17610000 95.3
1762 17620000 70.7
1763 17630000 30.3
1764 17640000 166.0
1765 17650000 123.3
1766 17660000 51.3
1767 17670000 80.7
1768 17680000 77.0
1769 17690000 43.7
1770 17700000 66.3
1771 17710000 28.0
1772 17720000 11.3
1773 17730000 37.7
1774 17740000 20.0
1775 17750000 136.3
1776 17760000 124.3
1777 17770000 27.0
1778 17780000 69.0
1779 17790000 38.3
1780 17800000 20.7
1781 17810000 24.3
1782 17820000 50.3
1783 17830000 17.3
1784 17840000 32.7
1785 17850000 43.7
1786 17860000 110.0
1787 17870000 93.0
1788 17880000 68.3
1789 17890000 79.0
1790 17900000 14.3
1791 17910000 95.3
1792 17920000 17.0
1793 17930000 40.3
1794 17940000 70.0
1795 17950000 36.7
1796 17960000 117.7
1797 17970000 105.0
1798 17980000 57.0
1799 17990000 164.7
1800 18000000 94.0
1801 18010000 27.0
1802 18020000 142.7
1803 18030000 143.3
1804 18040000 102.0
1805 18050000 97.7
1806 18060000 52.7
1807 18070000 120.3
1808 18080000 33.7
1809 18090000 176.3
1810 18100000 97.7
1811 18110000 99.7
1812 18120000 58.0
1813 18130000 38.0
1814 18140000 46.7
1815 18150000 19.0
1816 18160000 81.3
1817 18170000 69.7
1818 18180000 33.0
1819 18190000 22.7
1820 18200000 49.0
1821 18210000 22.3
1822 18220000 101.0
1823 18230000 128.7
1824 18240000 55.7
1825 18250000 28.7
1826 18260000 14.0
1827 18270000 37.7
1828 18280000 121.3
1829 18290000 28.3
1830 18300000 38.0
1831 18310000 44.3
1832 18320000 88.3
1833 18330000 51.7
1834 18340000 66.7
1835 18350000 15.0
1836 18360000 93.7
1837 18370000 34.0
1838 18380000 66.3
1839 18390000 24.7
1840 18400000 23.0
1841 18410000 58.7
1842 18420000 105.7
1843 18430000 76.3
1844 18440000 20.3
1845 18450000 21.3
1846 18460000 35.3
1847 18470000 115.7
1848 18480000 38.0
1849 18490000 31.0
1850 18500000 20.7
1851 18510000 27.7
1852 18520000 152.3
1853 18530000 113.0
1854 18540000 81.3
1855 18550000 97.0
1856 18560000 97.7
1857 18570000 48.7
1858 18580000 13.7
1859 18590000 167.0
1860 18600000 97.3
1861 18610000 85.0
1862 18620000 33.7
1863 18630000 67.3
1864 18640000 114.3
1865 18650000 32.0
1866 18660000 78.0
1867 18670000 31.0
1868 18680000 108.3
1869 18690000 65.3
1870 18700000 59.7
1871 18710000 193.3
1872 18720000 141.3
1873 18730000 129.3
1874 18740000 40.3
1875 18750000 75.7
1876 18760000 20.0
1877 18770000 19.0
1878 18780000 70.7
1879 18790000 60.0
1880 18800000 70.0
1881 18810000 34.0
1882 18820000 21.3
1883 18830000 14.7
1884 18840000 25.3
1885 18850000 20.7
1886 18860000 111.3
1887 18870000 96.3
1888 18880000 123.7
1889 18890000 83.3
1890 18900000 35.0
1891 18910000 160.3
1892 18920000 114.0
1893 18930000 100.3
1894 18940000 59.3
1895 18950000 53.0
1896 18960000 61.7
1897 18970000 88.0
1898 18980000 74.7
1899 18990000 74.7
1900 19000000 35.3
1901 19010000 56.0
1902 19020000 79.0
1903 19030000 40.0
1904 19040000 53.0
1905 19050000 215.0
1906 19060000 99.0
1907 19070000 21.7
1908 19080000 26.7
1909 19090000 48.3
1910 19100000 94.7
1911 19110000 100.7
1912 19120000 33.3
1913 19130000 72.0
1914 19140000 74.7
1915 19150000 14.0
1916 19160000 42.7
1917 19170000 111.7
1918 19180000 103.7
1919 19190000 29.7
1920 19200000 16.3
1921 19210000 15.0
1922 19220000 109.7
1923 19230000 54.3
1924 19240000 24.0
1925 19250000 23.0
1926 19260000 101.7
1927 19270000 149.0
1928 19280000 111.7
1929 19290000 92.7
1930 19300000 158.7
1931 19310000 14.0
1932 19320000 33.7
1933 19330000 19.7
1934 19340000 35.3
1935 19350000 44.3
1936 19360000 12.0
1937 19370000 18.7
1938 19380000 35.7
1939 19390000 23.3
1940 19400000 73.7
1941 19410000 152.0
1942 19420000 31.3
1943 19430000 102.3
1944 19440000 25.3
1945 19450000 67.0
1946 19460000 106.3
1947 19470000 116.0
1948 19480000 18.0
1949 19490000 173.3
1950 19500000 28.7
1951 19510000 90.7
1952 19520000 17.0
1953 19530000 84.3
1954 19540000 43.0
1955 19550000 149.7
1956 19560000 16.0
1957 19570000 83.0
1958 19580000 24.3
1959 19590000 75.7
1960 19600000 41.7
1961 19610000 19.7
1962 19620000 48.3
1963 19630000 54.7
1964 19640000 30.7
1965 19650000 71.3
1966 19660000 33.7
1967 19670000 136.0
1968 19680000 184.7
1969 19690000 46.3
1970 19700000 10.7
1971 19710000 76.7
1972 19720000 121.7
1973 19730000 19.0
1974 19740000 161.0
1975 19750000 110.7
1976 19760000 28.0
1977 19770000 45.7
1978 19780000 69.3
1979 19790000 153.0
1980 19800000 49.0
1981 19810000 92.0
1982 19820000 42.7
1983 19830000 50.0
1984 19840000 201.3
1985 19850000 86.0
1986 19860000 83.3
1987 19870000 67.7
1988 19880000 125.3
1989 19890000 50.0
1990 19900000 123.0
1991 19910000 96.0
1992 19920000 68.0
1993 19930000 136.3
1994 19940000 38.3
1995 19950000 38.0
1996 19960000 83.0
1997 19970000 133.7
1998 19980000 43.0
1999 19990000 78.3
2000 20000000 42.7
2001 20010000 9.0
2002 20020000 107.7
2003 20030000 56.7
2004 20040000 35.3
2005 20050000 26.3
2006 20060000 94.3
2007 20070000 76.7
2008 20080000 106.7
2009 20090000 30.7
2010 20100000 59.0
2011 20110000 28.0
2012 20120000 50.0
2013 20130000 55.3
2014 20140000 121.3
2015 20150000 147.3
2016 20160000 41.0
2017 20170000 17.3
2018 20180000 64.7
2019 20190000 70.3
2020 20200000 147.7
2021 20210000 113.7
2022 20220000 88.0
2023 20230000 40.0
2024 20240000 22.7
2025 20250000 52.3
2026 20260000 36.3
2027 20270000 12.7
2028 20280000 24.3
2029 20290000 87.0
2030 20300000 111.7
2031 20310000 95.7
2032 20320000 19.0
2033 20330000 39.0
2034 20340000 211.7
2035 20350000 33.3
2036 20360000 80.3
2037 20370000 16.3
2038 20380000 40.3
2039 20390000 104.3
2040 20400000 190.7
2041 20410000 165.0
2042 20420000 38.3
2043 20430000 27.3
2044 20440000 104.3
2045 20450000 101.7
2046 20460000 54.3
2047 20470000 107.3
2048 20480000 34.3
2049 20490000 38.7
2050 20500000 33.3
2051 20510000 35.0
2052 20520000 118.7
2053 20530000 28.7
2054 20540000 163.3
2055 20550000 115.7
2056 20560000 164.0
2057 20570000 57.7
2058 20580000 27.0
2059 20590000 125.0
2060 20600000 29.7
2061 20610000 85.7
2062 20620000 164.0
2063 20630000 117.0
2064 20640000 50.0
2065 20650000 227.3
2066 20660000 16.3
2067 20670000 97.7
2068 20680000 52.7
2069 20690000 95.3
2070 20700000 116.7
2071 20710000 119.0
2072 20720000 41.7
2073 20730000 53.0
2074 20740000 98.7
2075 20750000 72.3
2076 20760000 114.0
2077 20770000 53.3
2078 20780000 94.7
2079 20790000 191.7
2080 20800000 37.3
2081 20810000 101.7
2082 20820000 50.7
2083 20830000 70.0
2084 20840000 43.7
2085 20850000 78.3
2086 20860000 90.3
2087 20870000 138.0
2088 20880000 105.3
2089 20890000 31.0
2090 20900000 134.3
2091 20910000 56.3
2092 20920000 109.7
2093 20930000 113.3
2094 20940000 49.7
2095 20950000 73.7
2096 20960000 123.0
2097 20970000 194.7
2098 20980000 156.3
2099 20990000 52.7
2100 21000000 108.7
2101 21010000 32.3
2102 21020000 29.0
2103 21030000 55.3
2104 21040000 153.3
2105 21050000 101.7
2106 21060000 191.7
2107 21070000 73.7
2108 21080000 139.3
2109 21090000 89.3
2110 21100000 46.0
2111 21110000 74.0
2112 21120000 145.3
2113 21130000 121.3
2114 21140000 95.3
2115 21150000 37.0
2116 21160000 46.0
2117 21170000 9.0
2118 21180000 102.3
2119 21190000 30.7
2120 21200000 33.7
2121 21210000 58.3
2122 21220000 165.3
2123 21230000 76.3
2124 21240000 30.7
2125 21250000 115.7
2126 21260000 38.0
2127 21270000 117.0
2128 21280000 126.0
2129 21290000 37.3
2130 21300000 50.7
2131 21310000 168.0
2132 21320000 66.0
2133 21330000 81.0
2134 21340000 43.7
2135 21350000 39.7
2136 21360000 24.3
2137 21370000 121.7
2138 21380000 38.3
2139 21390000 94.3
2140 21400000 106.7
2141 21410000 104.0
2142 21420000 141.7
2143 21430000 110.7
2144 21440000 175.0
2145 21450000 59.3
2146 21460000 21.3
2147 21470000 48.7
2148 21480000 258.7
2149 21490000 18.0
2150 21500000 84.0
2151 21510000 42.7
2152 21520000 35.7
2153 21530000 132.0
2154 21540000 29.0
2155 21550000 25.0
2156 21560000 38.0
2157 21570000 90.7
2158 21580000 66.7
2159 21590000 102.3
2160 21600000 91.3
2161 21610000 95.3
2162 21620000 37.3
2163 21630000 112.3
2164 21640000 29.3
2165 21650000 153.0
2166 21660000 91.0
2167 21670000 198.7
2168 21680000 16.7
2169 21690000 20.7
2170 21700000 190.0
2171 21710000 41.7
2172 21720000 21.0
2173 21730000 166.7
2174 21740000 104.0
2175 21750000 150.0
2176 21760000 37.3
2177 21770000 47.0
2178 21780000 87.3
2179 21790000 62.0
2180 21800000 75.3
2181 21810000 74.7
2182 21820000 88.3
2183 21830000 187.3
2184 21840000 162.0
2185 21850000 22.3
2186 21860000 34.0
2187 21870000 26.3
2188 21880000 66.7
2189 21890000 39.0
2190 21900000 11.7
2191 21910000 19.3
2192 21920000 114.0
2193 21930000 178.0
2194 21940000 53.7
2195 21950000 21.7
2196 21960000 155.7
2197 21970000 17.7
2198 21980000 21.3
2199 21990000 22.3
2200 22000000 26.7
2201 22010000 17.0
2202 22020000 175.7
2203 22030000 200.7
2204 22040000 169.3
2205 22050000 40.3
2206 22060000 140.0
2207 22070000 182.7
2208 22080000 136.7
2209 22090000 24.7
2210 22100000 141.7
2211 22110000 171.0
2212 22120000 19.7
2213 22130000 28.3
2214 22140000 108.3
2215 22150000 13.3
2216 22160000 22.0
2217 22170000 19.7
2218 22180000 54.0
2219 22190000 114.3
2220 22200000 55.3
2221 22210000 51.7
2222 22220000 40.7
2223 22230000 32.7
2224 22240000 99.0
2225 22250000 134.3
2226 22260000 20.0
2227 22270000 100.3
2228 22280000 83.7
2229 22290000 147.3
2230 22300000 152.3
2231 22310000 129.0
2232 22320000 42.0
2233 22330000 73.0
2234 22340000 20.7
2235 22350000 107.7
2236 22360000 90.7
2237 22370000 70.0
2238 22380000 32.3
2239 22390000 118.7
2240 22400000 56.7
2241 22410000 43.7
2242 22420000 31.3
2243 22430000 107.3
2244 22440000 27.0
2245 22450000 14.7
2246 22460000 64.0
2247 22470000 45.3
2248 22480000 127.3
2249 22490000 20.3
2250 22500000 100.7
2251 22510000 192.7
2252 22520000 106.0
2253 22530000 77.3
2254 22540000 49.3
2255 22550000 34.3
2256 22560000 65.7
2257 22570000 153.3
2258 22580000 153.0
2259 22590000 45.0
2260 22600000 36.0
2261 22610000 35.0
2262 22620000 127.3
2263 22630000 58.7
2264 22640000 37.3
2265 22650000 136.0
2266 22660000 74.3
2267 22670000 60.0
2268 22680000 80.0
2269 22690000 26.7
2270 22700000 98.0
2271 22710000 40.3
2272 22720000 75.0
2273 22730000 24.7
2274 22740000 41.3
2275 22750000 99.0
2276 22760000 178.7
2277 22770000 26.0
2278 22780000 242.3
2279 22790000 73.7
2280 22800000 72.7
2281 22810000 129.0
2282 22820000 59.0
2283 22830000 108.7
2284 22840000 111.0
2285 22850000 56.0
2286 22860000 216.3
2287 22870000 23.3
2288 22880000 64.3
2289 22890000 170.3
2290 22900000 148.7
2291 22910000 74.0
2292 22920000 242.3
2293 22930000 51.7
2294 22940000 44.3
2295 22950000 81.3
2296 22960000 117.0
2297 22970000 56.0
2298 22980000 74.0
2299 22990000 209.0
2300 23000000 95.7
2301 23010000 35.7
2302 23020000 38.7
2303 23030000 111.7
2304 23040000 173.7
2305 23050000 115.0
2306 23060000 77.0
2307 23070000 158.3
2308 23080000 141.7
2309 23090000 68.0
2310 23100000 112.7
2311 23110000 77.0
2312 23120000 36.7
2313 23130000 155.0
2314 23140000 29.0
2315 23150000 29.7
2316 23160000 116.7
2317 23170000 32.0
2318 23180000 83.0
2319 23190000 257.7
2320 23200000 50.3
2321 23210000 132.0
2322 23220000 54.3
2323 23230000 59.7
2324 23240000 54.0
2325 23250000 24.3
2326 23260000 55.3
2327 23270000 89.3
2328 23280000 16.0
2329 23290000 16.0
2330 23300000 20.0
2331 23310000 25.3
2332 23320000 23.0
2333 23330000 26.3
2334 23340000 37.0
2335 23350000 51.0
2336 23360000 64.7
2337 23370000 177.3
2338 23380000 42.7
2339 23390000 49.0
2340 23400000 124.7
2341 23410000 35.0
2342 23420000 37.3
2343 23430000 91.0
2344 23440000 9.0
2345 23450000 24.0
2346 23460000 25.7
2347 23470000 26.0
2348 23480000 20.7
2349 23490000 66.0
2350 23500000 48.7
2351 23510000 111.7
2352 23520000 39.3
2353 23530000 14.7
2354 23540000 10.3
2355 23550000 27.7
2356 23560000 74.3
2357 23570000 34.7
2358 23580000 88.0
2359 23590000 34.3
2360 23600000 10.7
2361 23610000 25.7
2362 23620000 81.3
2363 23630000 48.3
2364 23640000 23.7
2365 23650000 17.0
2366 23660000 14.3
2367 23670000 25.0
2368 23680000 33.3
2369 23690000 25.0
2370 23700000 44.0
2371 23710000 111.7
2372 23720000 174.0
2373 23730000 38.0
2374 23740000 59.3
2375 23750000 22.3
2376 23760000 121.3
2377 23770000 98.7
2378 23780000 216.3
2379 23790000 101.7
2380 23800000 134.3
2381 23810000 157.7
2382 23820000 60.7
2383 23830000 105.0
2384 23840000 41.3
2385 23850000 23.0
2386 23860000 105.0
2387 23870000 104.7
2388 23880000 45.0
2389 23890000 56.3
2390 23900000 14.3
2391 23910000 100.3
2392 23920000 147.0
2393 23930000 97.7
2394 23940000 16.0
2395 23950000 10.3
2396 23960000 69.3
2397 23970000 11.0
2398 23980000 196.3
2399 23990000 36.7
2400 24000000 101.3
2401 24010000 38.0
2402 24020000 22.3
2403 24030000 140.0
2404 24040000 63.0
2405 24050000 29.7
2406 24060000 22.3
2407 24070000 16.7
2408 24080000 20.3
2409 24090000 17.3
2410 24100000 34.3
2411 24110000 39.0
2412 24120000 101.0
2413 24130000 64.0
2414 24140000 61.7
2415 24150000 104.3
2416 24160000 110.0
2417 24170000 97.7
2418 24180000 174.0
2419 24190000 23.0
2420 24200000 143.7
2421 24210000 85.0
2422 24220000 54.7
2423 24230000 42.7
2424 24240000 74.7
2425 24250000 124.3
2426 24260000 64.7
2427 24270000 30.7
2428 24280000 149.0
2429 24290000 98.0
2430 24300000 79.3
2431 24310000 141.3
2432 24320000 18.0
2433 24330000 19.0
2434 24340000 33.0
2435 24350000 20.0
2436 24360000 24.0
2437 24370000 27.3
2438 24380000 184.7
2439 24390000 99.7
2440 24400000 28.3
2441 24410000 47.0
2442 24420000 8.0
2443 24430000 34.3
2444 24440000 81.0
2445 24450000 17.7
2446 24460000 83.7
2447 24470000 66.0
2448 24480000 20.7
2449 24490000 215.7
2450 24500000 142.7
2451 24510000 87.0
2452 24520000 32.7
2453 24530000 217.7
2454 24540000 182.3
2455 24550000 34.7
2456 24560000 131.7
2457 24570000 108.3
2458 24580000 120.3
2459 24590000 56.0
2460 24600000 162.3
2461 24610000 221.0
2462 24620000 137.0
2463 24630000 45.0
2464 24640000 172.7
2465 24650000 112.7
2466 24660000 114.0
2467 24670000 109.0
2468 24680000 48.7
2469 24690000 23.3
2470 24700000 18.3
2471 24710000 93.7
2472 24720000 83.7
2473 24730000 63.0
2474 24740000 14.3
2475 24750000 34.0
2476 24760000 106.3
2477 24770000 176.3
2478 24780000 177.0
2479 24790000 25.7
2480 24800000 77.3
2481 24810000 39.0
2482 24820000 13.3
2483 24830000 4.7
2484 24840000 90.7
2485 24850000 47.0
2486 24860000 190.3
2487 24870000 150.7
2488 24880000 35.7
2489 24890000 121.0
2490 24900000 105.7
2491 24910000 29.0
2492 24920000 19.3
2493 24930000 134.3
2494 24940000 131.3
2495 24950000 11.3
2496 24960000 129.7
2497 24970000 69.7
2498 24980000 19.0
2499 24990000 34.3
2500 25000000 160.7
2501 25010000 93.0
2502 25020000 152.3
2503 25030000 69.7
2504 25040000 126.3
2505 25050000 143.7
2506 25060000 32.7
2507 25070000 88.3
2508 25080000 35.0
2509 25090000 24.3
2510 25100000 27.3
2511 25110000 57.0
2512 25120000 112.0
2513 25130000 44.3
2514 25140000 36.0
2515 25150000 121.7
2516 25160000 32.7
2517 25170000 65.7
2518 25180000 52.3
2519 25190000 13.3
2520 25200000 105.7
2521 25210000 36.3
2522 25220000 70.0
2523 25230000 123.3
2524 25240000 40.0
2525 25250000 30.0
2526 25260000 25.7
2527 25270000 107.3
2528 25280000 59.0
2529 25290000 72.0
2530 25300000 128.0
2531 25310000 128.7
2532 25320000 76.7
2533 25330000 31.0
2534 25340000 286.3
2535 25350000 85.3
2536 25360000 96.7
2537 25370000 53.7
2538 25380000 65.0
2539 25390000 43.7
2540 25400000 67.7
2541 25410000 49.7
2542 25420000 100.7
2543 25430000 51.0
2544 25440000 28.3
2545 25450000 114.0
2546 25460000 50.3
2547 25470000 16.3
2548 25480000 13.0
2549 25490000 55.7
2550 25500000 93.3
2551 25510000 90.0
2552 25520000 33.0
2553 25530000 53.3
2554 25540000 40.0
2555 25550000 55.0
2556 25560000 57.7
2557 25570000 60.7
2558 25580000 144.0
2559 25590000 44.7
2560 25600000 73.7
2561 25610000 123.7
2562 25620000 23.0
2563 25630000 125.3
2564 25640000 51.3
2565 25650000 29.0
2566 25660000 42.3
2567 25670000 54.7
2568 25680000 57.3
2569 25690000 22.0
2570 25700000 33.7
2571 25710000 100.3
2572 25720000 35.0
2573 25730000 110.0
2574 25740000 115.7
2575 25750000 77.7
2576 25760000 83.0
2577 25770000 77.7
2578 25780000 12.7
2579 25790000 15.7
2580 25800000 137.7
2581 25810000 58.7
2582 25820000 73.3
2583 25830000 29.3
2584 25840000 57.7
2585 25850000 82.0
2586 25860000 19.7
2587 25870000 73.7
2588 25880000 197.0
2589 25890000 51.0
2590 25900000 47.3
2591 25910000 274.3
2592 25920000 31.3
2593 25930000 78.7
2594 25940000 101.7
2595 25950000 15.7
2596 25960000 23.3
2597 25970000 36.0
2598 25980000 40.0
2599 25990000 39.3
2600 26000000 93.3
2601 26010000 59.3
2602 26020000 25.7
2603 26030000 14.0
2604 26040000 181.0
2605 26050000 97.0
2606 26060000 28.3
2607 26070000 166.3
2608 26080000 80.0
2609 26090000 22.3
2610 26100000 33.3
2611 26110000 36.0
2612 26120000 43.3
2613 26130000 52.0
2614 26140000 71.7
2615 26150000 194.7
2616 26160000 53.0
2617 26170000 34.0
2618 26180000 24.7
2619 26190000 213.0
2620 26200000 53.3
2621 26210000 68.3
2622 26220000 94.7
2623 26230000 21.0
2624 26240000 83.7
2625 26250000 105.3
2626 26260000 26.7
2627 26270000 108.7
2628 26280000 18.3
2629 26290000 14.0
2630 26300000 139.0
2631 26310000 22.7
2632 26320000 98.7
2633 26330000 33.0
2634 26340000 52.3
2635 26350000 127.3
2636 26360000 52.7
2637 26370000 35.7
2638 26380000 46.7
2639 26390000 47.7
2640 26400000 27.3
2641 26410000 133.3
2642 26420000 80.7
2643 26430000 13.7
2644 26440000 102.3
2645 26450000 47.0
2646 26460000 14.7
2647 26470000 66.7
2648 26480000 20.7
2649 26490000 38.0
2650 26500000 29.3
2651 26510000 126.7
2652 26520000 40.7
2653 26530000 38.0
2654 26540000 27.3
2655 26550000 144.3
2656 26560000 41.0
2657 26570000 36.0
2658 26580000 32.0
2659 26590000 29.7
2660 26600000 28.0
2661 26610000 133.3
2662 26620000 195.0
2663 26630000 66.3
2664 26640000 72.7
2665 26650000 36.0
2666 26660000 53.3
2667 26670000 121.3
2668 26680000 104.7
2669 26690000 39.3
2670 26700000 133.7
2671 26710000 92.3
2672 26720000 24.3
2673 26730000 40.0
2674 26740000 17.3
2675 26750000 14.0
2676 26760000 132.0
2677 26770000 4.7
2678 26780000 135.0
2679 26790000 160.7
2680 26800000 165.3
2681 26810000 101.7
2682 26820000 33.7
2683 26830000 200.0
2684 26840000 39.7
2685 26850000 35.3
2686 26860000 78.0
2687 26870000 31.0
2688 26880000 30.0
2689 26890000 53.3
2690 26900000 67.7
2691 26910000 41.7
2692 26920000 95.3
2693 26930000 125.7
2694 26940000 13.0
2695 26950000 58.7
2696 26960000 22.0
2697 26970000 28.7
2698 26980000 154.0
2699 26990000 153.7
2700 27000000 183.3
2701 27010000 104.0
2702 27020000 13.7
2703 27030000 37.3
2704 27040000 138.0
2705 27050000 44.0
2706 27060000 151.0
2707 27070000 63.3
2708 27080000 168.7
2709 27090000 150.0
2710 27100000 81.3
2711 27110000 23.7
2712 27120000 26.3
2713 27130000 22.7
2714 27140000 115.3
2715 27150000 82.0
2716 27160000 34.0
2717 27170000 101.0
2718 27180000 23.0
2719 27190000 50.0
2720 27200000 14.7
2721 27210000 40.7
2722 27220000 125.0
2723 27230000 104.3
2724 27240000 107.0
2725 27250000 29.0
2726 27260000 20.3
2727 27270000 35.0
2728 27280000 98.7
2729 27290000 117.3
2730 27300000 91.3
2731 27310000 30.3
2732 27320000 253.0
2733 27330000 15.7
2734 27340000 23.0
2735 27350000 114.3
2736 27360000 120.0
2737 27370000 95.7
2738 27380000 135.0
2739 27390000 155.3
2740 27400000 25.7
2741 27410000 12.3
2742 27420000 41.0
2743 27430000 53.0
2744 27440000 155.0
2745 27450000 106.7
2746 27460000 114.0
2747 27470000 71.0
2748 27480000 34.3
2749 27490000 79.0
2750 27500000 107.0
2751 27510000 24.7
2752 27520000 34.7
2753 27530000 28.7
2754 27540000 16.7
2755 27550000 67.3
2756 27560000 38.7
2757 27570000 105.3
2758 27580000 111.7
2759 27590000 122.3
2760 27600000 84.0
2761 27610000 11.7
2762 27620000 80.3
2763 27630000 235.0
2764 27640000 152.7
2765 27650000 120.7
2766 27660000 34.7
2767 27670000 26.0
2768 27680000 25.0
2769 27690000 23.3
2770 27700000 86.0
2771 27710000 139.0
2772 27720000 29.3
2773 27730000 41.0
2774 27740000 133.7
2775 27750000 62.0
2776 27760000 206.0
2777 27770000 187.3
2778 27780000 66.3
2779 27790000 67.0
2780 27800000 92.7
2781 27810000 65.3
2782 27820000 92.7
2783 27830000 101.3
2784 27840000 201.7
2785 27850000 34.3
2786 27860000 26.3
2787 27870000 86.7
2788 27880000 29.3
2789 27890000 158.3
2790 27900000 14.3
2791 27910000 10.3
2792 27920000 23.7
2793 27930000 55.7
2794 27940000 102.0
2795 27950000 46.3
2796 27960000 99.0
2797 27970000 122.0
2798 27980000 81.0
2799 27990000 29.0
2800 28000000 29.7
2801 28010000 143.7
2802 28020000 17.7
2803 28030000 130.7
2804 28040000 23.7
2805 28050000 117.7
2806 28060000 49.0
2807 28070000 131.0
2808 28080000 49.0
2809 28090000 37.3
2810 28100000 27.0
2811 28110000 43.7
2812 28120000 99.3
2813 28130000 17.0
2814 28140000 125.3
2815 28150000 102.0
2816 28160000 12.3
2817 28170000 160.7
2818 28180000 49.0
2819 28190000 153.0
2820 28200000 69.0
2821 28210000 179.7
2822 28220000 22.7
2823 28230000 47.3
2824 28240000 21.3
2825 28250000 20.7
2826 28260000 43.0
2827 28270000 108.7
2828 28280000 22.7
2829 28290000 23.7
2830 28300000 134.0
2831 28310000 20.7
2832 28320000 22.0
2833 28330000 13.0
2834 28340000 86.0
2835 28350000 102.0
2836 28360000 33.0
2837 28370000 157.3
2838 28380000 29.3
2839 28390000 261.3
2840 28400000 27.3
2841 28410000 94.7
2842 28420000 21.3
2843 28430000 50.0
2844 28440000 137.3
2845 28450000 115.7
2846 28460000 59.7
2847 28470000 152.7
2848 28480000 210.0
2849 28490000 24.7
2850 28500000 10.7
2851 28510000 128.3
2852 28520000 23.7
2853 28530000 124.0
2854 28540000 92.7
2855 28550000 148.0
2856 28560000 136.3
2857 28570000 30.7
2858 28580000 165.3
2859 28590000 16.7
2860 28600000 107.0
2861 28610000 32.7
2862 28620000 37.3
2863 28630000 45.3
2864 28640000 25.7
2865 28650000 40.3
2866 28660000 270.3
2867 28670000 109.0
2868 28680000 26.3
2869 28690000 100.0
2870 28700000 138.3
2871 28710000 66.0
2872 28720000 174.3
2873 28730000 9.7
2874 28740000 53.7
2875 28750000 12.7
2876 28760000 33.3
2877 28770000 19.7
2878 28780000 122.3
2879 28790000 161.7
2880 28800000 70.0
2881 28810000 28.3
2882 28820000 119.0
2883 28830000 33.7
2884 28840000 189.3
2885 28850000 90.0
2886 28860000 113.3
2887 28870000 133.3
2888 28880000 98.7
2889 28890000 34.0
2890 28900000 21.0
2891 28910000 58.3
2892 28920000 33.3
2893 28930000 39.3
2894 28940000 35.7
2895 28950000 29.0
2896 28960000 39.7
2897 28970000 13.0
2898 28980000 71.7
2899 28990000 43.0
2900 29000000 125.7
2901 29010000 55.0
2902 29020000 57.3
2903 29030000 126.7
2904 29040000 30.3
2905 29050000 82.3
2906 29060000 16.0
2907 29070000 110.0
2908 29080000 23.0
2909 29090000 91.3
2910 29100000 41.7
2911 29110000 46.7
2912 29120000 100.0
2913 29130000 178.0
2914 29140000 193.7
2915 29150000 78.7
2916 29160000 162.7
2917 29170000 104.0
2918 29180000 100.7
2919 29190000 101.0
2920 29200000 8.0
2921 29210000 68.7
2922 29220000 84.7
2923 29230000 154.3
2924 29240000 56.7
2925 29250000 39.3
2926 29260000 42.3
2927 29270000 65.0
2928 29280000 103.0
2929 29290000 117.3
2930 29300000 39.3
2931 29310000 27.7
2932 29320000 89.0
2933 29330000 146.3
2934 29340000 122.0
2935 29350000 47.7
2936 29360000 39.0
2937 29370000 96.7
2938 29380000 13.0
2939 29390000 40.7
2940 29400000 22.7
2941 29410000 60.7
2942 29420000 109.3
2943 29430000 24.7
2944 29440000 88.0
2945 29450000 62.0
2946 29460000 11.3
2947 29470000 26.0
2948 29480000 37.3
2949 29490000 75.3
2950 29500000 99.0
2951 29510000 33.0
2952 29520000 115.0
2953 29530000 42.3
2954 29540000 135.0
2955 29550000 143.3
2956 29560000 32.7
2957 29570000 70.7
2958 29580000 47.7
2959 29590000 29.0
2960 29600000 47.7
2961 29610000 66.7
2962 29620000 21.7
2963 29630000 136.0
2964 29640000 137.7
2965 29650000 30.3
2966 29660000 23.3
2967 29670000 182.7
2968 29680000 33.0
2969 29690000 142.0
2970 29700000 31.3
2971 29710000 113.3
2972 29720000 131.3
2973 29730000 6.0
2974 29740000 32.7
2975 29750000 151.7
2976 29760000 29.7
2977 29770000 26.3
2978 29780000 35.0
2979 29790000 13.0
2980 29800000 121.3
2981 29810000 48.3
2982 29820000 65.0
2983 29830000 58.7
2984 29840000 82.0
2985 29850000 12.7
2986 29860000 40.0
2987 29870000 31.3
2988 29880000 12.3
2989 29890000 57.7
2990 29900000 26.0
2991 29910000 18.0
2992 29920000 77.7
2993 29930000 33.0
2994 29940000 111.3
2995 29950000 107.3
2996 29960000 211.0
2997 29970000 61.0
2998 29980000 33.0
2999 29990000 31.7
3000 30000000 161.7
3001 30010000 15.0
3002 30020000 21.0
3003 30030000 90.0
3004 30040000 102.7
3005 30050000 85.0
3006 30060000 123.3
3007 30070000 81.7
3008 30080000 20.7
3009 30090000 100.0
3010 30100000 19.0
3011 30110000 104.0
3012 30120000 261.7
3013 30130000 38.7
3014 30140000 23.7
3015 30150000 17.3
3016 30160000 133.0
3017 30170000 45.7
3018 30180000 117.0
3019 30190000 40.0
3020 30200000 43.3
3021 30210000 205.0
3022 30220000 27.0
3023 30230000 26.0
3024 30240000 32.0
3025 30250000 27.0
3026 30260000 20.7
3027 30270000 85.3
3028 30280000 32.0
3029 30290000 104.7
3030 30300000 244.7
3031 30310000 10.3
3032 30320000 161.0
3033 30330000 89.7
3034 30340000 81.0
3035 30350000 18.3
3036 30360000 41.3
3037 30370000 136.3
3038 30380000 106.0
3039 30390000 41.7
3040 30400000 134.7
3041 30410000 37.3
3042 30420000 64.3
3043 30430000 19.7
3044 30440000 34.7
3045 30450000 27.0
3046 30460000 75.0
3047 30470000 35.3
3048 30480000 55.7
3049 30490000 112.7
3050 30500000 28.7
3051 30510000 114.0
3052 30520000 117.3
3053 30530000 133.0
3054 30540000 18.0
3055 30550000 14.7
3056 30560000 17.0
3057 30570000 65.7
3058 30580000 96.7
3059 30590000 37.0
3060 30600000 27.0
3061 30610000 25.3
3062 30620000 16.7
3063 30630000 26.0
3064 30640000 25.0
3065 30650000 87.0
3066 30660000 28.0
3067 30670000 58.7
3068 30680000 25.0
3069 30690000 43.0
3070 30700000 160.7
3071 30710000 5.7
3072 30720000 96.7
3073 30730000 165.7
3074 30740000 83.3
3075 30750000 142.0
3076 30760000 28.7
3077 30770000 137.7
3078 30780000 32.7
3079 30790000 104.7
3080 30800000 27.7
3081 30810000 92.0
3082 30820000 31.3
3083 30830000 29.0
3084 30840000 102.7
3085 30850000 92.3
3086 30860000 131.0
3087 30870000 24.0
3088 30880000 115.0
3089 30890000 194.3
3090 30900000 35.3
3091 30910000 47.7
3092 30920000 30.3
3093 30930000 88.0
3094 30940000 228.3
3095 30950000 34.3
3096 30960000 28.7
3097 30970000 8.7
3098 30980000 16.0
3099 30990000 54.0
3100 31000000 191.0
3101 31010000 32.3
3102 31020000 190.0
3103 31030000 38.0
3104 31040000 132.0
3105 31050000 30.0
3106 31060000 16.7
3107 31070000 119.0
3108 31080000 10.3
3109 31090000 20.3
3110 31100000 33.0
3111 31110000 21.3
3112 31120000 53.0
3113 31130000 34.3
3114 31140000 21.7
3115 31150000 29.0
3116 31160000 22.7
3117 31170000 20.0
3118 31180000 20.0
3119 31190000 124.0
3120 31200000 68.3
3121 31210000 50.3
3122 31220000 60.0
3123 31230000 52.0
3124 31240000 42.3
3125 31250000 32.7
3126 31260000 111.3
3127 31270000 123.3
3128 31280000 157.0
3129 31290000 132.3
3130 31300000 77.3
3131 31310000 136.7
3132 31320000 121.0
3133 31330000 58.0
3134 31340000 31.0
3135 31350000 95.0
3136 31360000 25.0
3137 31370000 48.0
3138 31380000 80.7
3139 31390000 16.7
3140 31400000 46.7
3141 31410000 32.7
3142 31420000 39.0
3143 31430000 131.3
3144 31440000 112.0
3145 31450000 126.7
3146 31460000 48.0
3147 31470000 20.0
3148 31480000 26.0
3149 31490000 37.7
3150 31500000 136.7
3151 31510000 28.0
3152 31520000 90.7
3153 31530000 34.0
3154 31540000 181.3
3155 31550000 38.3
3156 31560000 32.0
3157 31570000 110.3
3158 31580000 58.0
3159 31590000 141.3
3160 31600000 35.3
3161 31610000 8.7
3162 31620000 17.3
3163 31630000 113.0
3164 31640000 12.0
3165 31650000 106.0
3166 31660000 154.7
3167 31670000 99.3
3168 31680000 171.0
3169 31690000 38.0
3170 31700000 92.7
3171 31710000 105.0
3172 31720000 34.7
3173 31730000 21.7
3174 31740000 136.7
3175 31750000 47.7
3176 31760000 171.3
3177 31770000 195.3
3178 31780000 96.3
3179 31790000 43.3
3180 31800000 26.7
3181 31810000 122.3
3182 31820000 58.7
3183 31830000 44.7
3184 31840000 22.3
3185 31850000 219.0
3186 31860000 29.0
3187 31870000 30.3
3188 31880000 20.3
3189 31890000 17.0
3190 31900000 38.7
3191 31910000 53.7
3192 31920000 114.3
3193 31930000 90.7
3194 31940000 50.7
3195 31950000 97.3
3196 31960000 25.3
3197 31970000 33.7
3198 31980000 134.7
3199 31990000 116.3
3200 32000000 23.0
3201 32010000 31.3
3202 32020000 31.0
3203 32030000 204.0
3204 32040000 20.7
3205 32050000 15.7
3206 32060000 121.7
3207 32070000 73.0
3208 32080000 124.3
3209 32090000 51.7
3210 32100000 146.0
3211 32110000 49.3
3212 32120000 75.0
3213 32130000 102.0
3214 32140000 48.0
3215 32150000 41.3
3216 32160000 49.0
3217 32170000 128.0
3218 32180000 40.3
3219 32190000 19.3
3220 32200000 169.0
3221 32210000 57.7
3222 32220000 19.7
3223 32230000 103.7
3224 32240000 114.0
3225 32250000 37.3
3226 32260000 22.0
3227 32270000 34.3
3228 32280000 31.3
3229 32290000 132.3
3230 32300000 101.0
3231 32310000 36.0
3232 32320000 23.7
3233 32330000 20.0
3234 32340000 20.7
3235 32350000 236.7
3236 32360000 107.3
3237 32370000 100.7
3238 32380000 30.0
3239 32390000 171.0
3240 32400000 111.7
3241 32410000 120.3
3242 32420000 88.3
3243 32430000 214.3
3244 32440000 139.3
3245 32450000 57.7
3246 32460000 63.7
3247 32470000 101.7
3248 32480000 111.3
3249 32490000 31.3
3250 32500000 166.0
3251 32510000 7.7
3252 32520000 134.3
3253 32530000 143.7
3254 32540000 120.3
3255 32550000 88.7
3256 32560000 54.0
3257 32570000 35.0
3258 32580000 57.3
3259 32590000 284.3
3260 32600000 54.3
3261 32610000 57.3
3262 32620000 12.7
3263 32630000 16.7
3264 32640000 14.0
3265 32650000 100.3
3266 32660000 100.0
3267 32670000 26.7
3268 32680000 21.0
3269 32690000 39.0
3270 32700000 157.0
3271 32710000 60.3
3272 32720000 180.0
3273 32730000 21.0
3274 32740000 61.0
3275 32750000 25.3
3276 32760000 40.0
3277 32770000 21.7
3278 32780000 7.0
3279 32790000 11.3
3280 32800000 29.3
3281 32810000 102.7
3282 32820000 33.0
3283 32830000 175.3
3284 32840000 213.3
3285 32850000 32.3
3286 32860000 136.7
3287 32870000 18.3
3288 32880000 119.7
3289 32890000 11.3
3290 32900000 25.7
3291 32910000 35.3
3292 32920000 26.7
3293 32930000 23.7
3294 32940000 16.3
3295 32950000 17.3
3296 32960000 34.7
3297 32970000 34.7
3298 32980000 25.3
3299 32990000 82.0
3300 33000000 92.0
3301 33010000 18.3
3302 33020000 84.0
3303 33030000 230.7
3304 33040000 10.7
3305 33050000 36.0
3306 33060000 94.0
3307 33070000 88.0
3308 33080000 75.3
3309 33090000 100.7
3310 33100000 59.0
3311 33110000 17.3
3312 33120000 20.7
3313 33130000 39.0
3314 33140000 55.7
3315 33150000 91.7
3316 33160000 152.0
3317 33170000 28.0
3318 33180000 7.3
3319 33190000 89.7
3320 33200000 20.0
3321 33210000 154.7
3322 33220000 38.0
3323 33230000 28.0
3324 33240000 21.0
3325 33250000 182.7
3326 33260000 26.7
3327 33270000 20.7
3328 33280000 13.0
3329 33290000 22.3
3330 33300000 22.7
3331 33310000 99.0
3332 33320000 26.7
3333 33330000 91.0
3334 33340000 128.0
3335 33350000 131.7
3336 33360000 27.3
3337 33370000 71.7
3338 33380000 145.3
3339 33390000 117.3
3340 33400000 107.7
3341 33410000 51.0
3342 33420000 14.0
3343 33430000 41.3
3344 33440000 154.0
3345 33450000 74.7
3346 33460000 238.7
3347 33470000 35.7
3348 33480000 45.0
3349 33490000 94.3
3350 33500000 28.3
3351 33510000 86.7
3352 33520000 147.0
3353 33530000 39.3
3354 33540000 113.0
3355 33550000 95.0
3356 33560000 89.3
3357 33570000 112.0
3358 33580000 234.3
3359 33590000 152.3
3360 33600000 99.0
3361 33610000 16.0
3362 33620000 106.3
3363 33630000 10.3
3364 33640000 73.3
3365 33650000 33.0
3366 33660000 122.3
3367 33670000 202.7
3368 33680000 9.3
3369 33690000 28.0
3370 33700000 30.0
3371 33710000 41.0
3372 33720000 126.7
3373 33730000 128.3
3374 33740000 41.3
3375 33750000 45.0
3376 33760000 63.3
3377 33770000 146.0
3378 33780000 81.7
3379 33790000 139.0
3380 33800000 27.7
3381 33810000 25.3
3382 33820000 39.7
3383 33830000 134.0
3384 33840000 58.0
3385 33850000 17.7
3386 33860000 97.3
3387 33870000 20.0
3388 33880000 89.7
3389 33890000 14.7
3390 33900000 101.7
3391 33910000 276.7
3392 33920000 255.0
3393 33930000 146.0
3394 33940000 79.3
3395 33950000 87.7
3396 33960000 123.3
3397 33970000 144.0
3398 33980000 90.7
3399 33990000 117.7
3400 34000000 45.0
3401 34010000 55.0
3402 34020000 37.7
3403 34030000 30.7
3404 34040000 159.7
3405 34050000 67.3
3406 34060000 64.0
3407 34070000 32.3
3408 34080000 32.0
3409 34090000 139.7
3410 34100000 16.0
3411 34110000 16.3
3412 34120000 40.7
3413 34130000 19.0
3414 34140000 37.7
3415 34150000 106.0
3416 34160000 40.3
3417 34170000 130.3
3418 34180000 98.0
3419 34190000 219.0
3420 34200000 25.0
3421 34210000 175.7
3422 34220000 110.7
3423 34230000 95.7
3424 34240000 16.0
3425 34250000 130.3
3426 34260000 46.7
3427 34270000 69.3
3428 34280000 120.7
3429 34290000 131.0
3430 34300000 133.0
3431 34310000 73.3
3432 34320000 15.7
3433 34330000 32.0
3434 34340000 73.0
3435 34350000 32.7
3436 34360000 16.0
3437 34370000 138.3
3438 34380000 78.0
3439 34390000 26.7
3440 34400000 55.3
3441 34410000 318.3
3442 34420000 60.7
3443 34430000 38.7
3444 34440000 137.3
3445 34450000 101.0
3446 34460000 285.0
3447 34470000 32.0
3448 34480000 24.7
3449 34490000 28.0
3450 34500000 20.0
3451 34510000 31.7
3452 34520000 39.0
3453 34530000 21.0
3454 34540000 164.0
3455 34550000 11.0
3456 34560000 177.0
3457 34570000 18.0
3458 34580000 109.7
3459 34590000 33.3
3460 34600000 40.7
3461 34610000 28.0
3462 34620000 12.3
3463 34630000 36.3
3464 34640000 145.0
3465 34650000 43.7
3466 34660000 94.3
3467 34670000 23.3
3468 34680000 129.0
3469 34690000 62.3
3470 34700000 87.0
3471 34710000 217.3
3472 34720000 24.7
3473 34730000 19.7
3474 34740000 135.0
3475 34750000 228.7
3476 34760000 67.7
3477 34770000 61.0
3478 34780000 26.0
3479 34790000 33.7
3480 34800000 119.0
3481 34810000 103.7
3482 34820000 47.7
3483 34830000 124.0
3484 34840000 28.0
3485 34850000 14.0
3486 34860000 20.7
3487 34870000 82.3
3488 34880000 34.0
3489 34890000 30.0
3490 34900000 114.3
3491 34910000 102.3
3492 34920000 258.7
3493 34930000 58.7
3494 34940000 10.0
3495 34950000 21.7
3496 34960000 104.0
3497 34970000 121.3
3498 34980000 111.7
3499 34990000 154.0
3500 35000000 43.0
3501 35010000 15.3
3502 35020000 36.0
3503 35030000 82.7
3504 35040000 125.7
3505 35050000 145.7
3506 35060000 34.7
3507 35070000 166.7
3508 35080000 71.7
3509 35090000 25.0
3510 35100000 30.3
3511 35110000 19.0
3512 35120000 17.0
3513 35130000 92.3
3514 35140000 47.0
3515 35150000 133.7
3516 35160000 41.3
3517 35170000 119.0
3518 35180000 35.0
3519 35190000 30.3
3520 35200000 143.3
3521 35210000 282.7
3522 35220000 123.3
3523 35230000 40.0
3524 35240000 36.0
3525 35250000 146.0
3526 35260000 8.3
3527 35270000 30.7
3528 35280000 16.3
3529 35290000 98.0
3530 35300000 109.7
3531 35310000 147.3
3532 35320000 12.0
3533 35330000 149.7
3534 35340000 42.7
3535 35350000 38.7
3536 35360000 53.3
3537 35370000 110.0
3538 35380000 57.3
3539 35390000 304.0
3540 35400000 63.3
3541 35410000 35.3
3542 35420000 78.3
3543 35430000 8.7
3544 35440000 19.7
3545 35450000 148.0
3546 35460000 101.7
3547 35470000 71.7
3548 35480000 104.0
3549 35490000 15.3
3550 35500000 38.0
3551 35510000 22.3
3552 35520000 35.0
3553 35530000 11.7
3554 35540000 111.7
3555 35550000 129.0
3556 35560000 155.0
3557 35570000 145.3
3558 35580000 116.3
3559 35590000 157.0
3560 35600000 29.0
3561 35610000 36.3
3562 35620000 223.7
3563 35630000 22.0
3564 35640000 29.3
3565 35650000 26.7
3566 35660000 39.7
3567 35670000 220.0
3568 35680000 48.3
3569 35690000 89.7
3570 35700000 263.3
3571 35710000 26.0
3572 35720000 30.3
3573 35730000 94.3
3574 35740000 140.0
3575 35750000 41.3
3576 35760000 74.0
3577 35770000 17.3
3578 35780000 83.3
3579 35790000 135.0
3580 35800000 106.3
3581 35810000 21.7
3582 35820000 14.7
3583 35830000 24.7
3584 35840000 73.0
3585 35850000 19.0
3586 35860000 79.3
3587 35870000 26.7
3588 35880000 112.7
3589 35890000 67.7
3590 35900000 96.7
3591 35910000 101.7
3592 35920000 39.0
3593 35930000 59.7
3594 35940000 129.3
3595 35950000 27.0
3596 35960000 217.3
3597 35970000 56.7
3598 35980000 64.7
3599 35990000 20.0
3600 36000000 176.3
3601 36010000 35.7
3602 36020000 24.0
3603 36030000 168.3
3604 36040000 105.0
3605 36050000 25.7
3606 36060000 62.0
3607 36070000 47.3
3608 36080000 27.7
3609 36090000 8.3
3610 36100000 21.3
3611 36110000 124.7
3612 36120000 123.0
3613 36130000 37.7
3614 36140000 12.0
3615 36150000 241.3
3616 36160000 13.7
3617 36170000 124.7
3618 36180000 11.7
3619 36190000 41.3
3620 36200000 79.7
3621 36210000 130.3
3622 36220000 223.0
3623 36230000 11.0
3624 36240000 103.3
3625 36250000 29.3
3626 36260000 125.0
3627 36270000 33.3
3628 36280000 147.7
3629 36290000 65.0
3630 36300000 25.0
3631 36310000 11.3
3632 36320000 73.7
3633 36330000 24.3
3634 36340000 153.3
3635 36350000 17.3
3636 36360000 109.3
3637 36370000 109.0
3638 36380000 199.7
3639 36390000 33.0
3640 36400000 43.3
3641 36410000 47.7
3642 36420000 140.0
3643 36430000 6.3
3644 36440000 147.0
3645 36450000 71.3
3646 36460000 312.7
3647 36470000 115.0
3648 36480000 309.0
3649 36490000 211.3
3650 36500000 186.0
3651 36510000 18.3
3652 36520000 129.0
3653 36530000 130.0
3654 36540000 43.7
3655 36550000 194.0
3656 36560000 104.7
3657 36570000 120.3
3658 36580000 223.3
3659 36590000 28.0
3660 36600000 33.0
3661 36610000 26.3
3662 36620000 54.7
3663 36630000 35.3
3664 36640000 130.0
3665 36650000 18.7
3666 36660000 69.0
3667 36670000 72.0
3668 36680000 127.7
3669 36690000 224.7
3670 36700000 16.7
3671 36710000 126.0
3672 36720000 111.7
3673 36730000 90.7
3674 36740000 18.0
3675 36750000 15.3
3676 36760000 112.7
3677 36770000 116.3
3678 36780000 17.7
3679 36790000 59.7
3680 36800000 13.3
3681 36810000 47.7
3682 36820000 23.0
3683 36830000 110.0
3684 36840000 16.0
3685 36850000 27.3
3686 36860000 41.7
3687 36870000 35.0
3688 36880000 112.3
3689 36890000 48.7
3690 36900000 124.3
3691 36910000 85.0
3692 36920000 129.0
3693 36930000 219.0
3694 36940000 138.7
3695 36950000 111.3
3696 36960000 126.0
3697 36970000 17.7
3698 36980000 213.7
3699 36990000 84.0
3700 37000000 176.3
3701 37010000 88.3
3702 37020000 175.7
3703 37030000 158.3
3704 37040000 241.0
3705 37050000 266.3
3706 37060000 139.7
3707 37070000 224.7
3708 37080000 236.3
3709 37090000 17.3
3710 37100000 105.3
3711 37110000 35.0
3712 37120000 100.7
3713 37130000 35.3
3714 37140000 31.3
3715 37150000 219.0
3716 37160000 101.0
3717 37170000 70.7
3718 37180000 159.7
3719 37190000 32.7
3720 37200000 33.3
3721 37210000 176.7
3722 37220000 8.7
3723 37230000 14.0
3724 37240000 105.3
3725 37250000 45.0
3726 37260000 54.0
3727 37270000 85.0
3728 37280000 201.7
3729 37290000 39.3
3730 37300000 142.3
3731 37310000 218.0
3732 37320000 160.7
3733 37330000 8.7
3734 37340000 110.7
3735 37350000 10.3
3736 37360000 71.7
3737 37370000 25.0
3738 37380000 131.3
3739 37390000 57.7
3740 37400000 10.7
3741 37410000 160.3
3742 37420000 33.3
3743 37430000 117.7
3744 37440000 29.3
3745 37450000 27.0
3746 37460000 197.3
3747 37470000 36.0
3748 37480000 19.3
3749 37490000 113.0
3750 37500000 205.0
3751 37510000 24.3
3752 37520000 23.0
3753 37530000 11.7
3754 37540000 13.0
3755 37550000 50.7
3756 37560000 61.7
3757 37570000 151.7
3758 37580000 107.0
3759 37590000 102.3
3760 37600000 111.3
3761 37610000 33.0
3762 37620000 47.0
3763 37630000 79.3
3764 37640000 101.3
3765 37650000 87.0
3766 37660000 53.0
3767 37670000 78.7
3768 37680000 121.3
3769 37690000 22.7
3770 37700000 111.7
3771 37710000 227.3
3772 37720000 145.7
3773 37730000 56.7
3774 37740000 90.3
3775 37750000 88.0
3776 37760000 95.3
3777 37770000 130.0
3778 37780000 9.3
3779 37790000 43.0
3780 37800000 153.3
3781 37810000 106.3
3782 37820000 52.3
3783 37830000 103.0
3784 37840000 178.3
3785 37850000 46.0
3786 37860000 37.3
3787 37870000 9.3
3788 37880000 56.7
3789 37890000 80.7
3790 37900000 63.0
3791 37910000 146.0
3792 37920000 25.0
3793 37930000 122.3
3794 37940000 32.7
3795 37950000 115.0
3796 37960000 13.7
3797 37970000 11.7
3798 37980000 29.7
3799 37990000 85.0
3800 38000000 102.3
3801 38010000 73.7
3802 38020000 21.3
3803 38030000 47.0
3804 38040000 164.3
3805 38050000 125.3
3806 38060000 101.3
3807 38070000 191.3
3808 38080000 163.3
3809 38090000 133.7
3810 38100000 29.7
3811 38110000 140.0
3812 38120000 20.7
3813 38130000 18.0
3814 38140000 16.0
3815 38150000 30.3
3816 38160000 151.7
3817 38170000 12.7
3818 38180000 128.0
3819 38190000 82.3
3820 38200000 22.0
3821 38210000 125.0
3822 38220000 127.0
3823 38230000 81.0
3824 38240000 106.3
3825 38250000 152.0
3826 38260000 200.7
3827 38270000 242.7
3828 38280000 72.7
3829 38290000 107.7
3830 38300000 92.0
3831 38310000 98.7
3832 38320000 85.0
3833 38330000 124.7
3834 38340000 107.3
3835 38350000 68.3
3836 38360000 130.0
3837 38370000 21.0
3838 38380000 113.7
3839 38390000 221.3
3840 38400000 13.7
3841 38410000 4.3
3842 38420000 104.0
3843 38430000 35.0
3844 38440000 31.3
3845 38450000 84.3
3846 38460000 193.7
3847 38470000 106.7
3848 38480000 89.0
3849 38490000 60.3
3850 38500000 247.0
3851 38510000 122.0
3852 38520000 68.7
3853 38530000 102.3
3854 38540000 122.0
3855 38550000 130.7
3856 38560000 134.7
3857 38570000 64.3
3858 38580000 248.3
3859 38590000 85.7
3860 38600000 87.7
3861 38610000 267.3
3862 38620000 191.0
3863 38630000 28.3
3864 38640000 234.7
3865 38650000 20.7
3866 38660000 50.7
3867 38670000 127.7
3868 38680000 140.0
3869 38690000 118.0
3870 38700000 71.3
3871 38710000 132.7
3872 38720000 94.0
3873 38730000 23.7
3874 38740000 129.3
3875 38750000 128.7
3876 38760000 237.3
3877 38770000 58.3
3878 38780000 101.0
3879 38790000 58.0
3880 38800000 32.0
3881 38810000 31.0
3882 38820000 44.7
3883 38830000 102.3
3884 38840000 88.0
3885 38850000 94.3
3886 38860000 227.0
3887 38870000 83.3
3888 38880000 142.0
3889 38890000 165.0
3890 38900000 11.0
3891 38910000 23.7
3892 38920000 82.0
3893 38930000 22.3
3894 38940000 17.7
3895 38950000 24.3
3896 38960000 84.3
3897 38970000 21.7
3898 38980000 162.7
3899 38990000 256.0
3900 39000000 320.7
3901 39010000 145.7
3902 39020000 163.7
3903 39030000 163.7
3904 39040000 23.7
3905 39050000 75.7
3906 39060000 131.3
3907 39070000 35.0
3908 39080000 211.7
3909 39090000 21.7
3910 39100000 148.7
3911 39110000 83.7
3912 39120000 147.0
3913 39130000 60.3
3914 39140000 313.7
3915 39150000 221.7
3916 39160000 48.3
3917 39170000 319.3
3918 39180000 24.7
3919 39190000 148.7
3920 39200000 67.7
3921 39210000 12.3
3922 39220000 259.0
3923 39230000 144.3
3924 39240000 155.7
3925 39250000 141.0
3926 39260000 236.3
3927 39270000 119.7
3928 39280000 121.7
3929 39290000 93.0
3930 39300000 212.3
3931 39310000 106.3
3932 39320000 93.7
3933 39330000 30.0
3934 39340000 31.0
3935 39350000 21.7
3936 39360000 28.0
3937 39370000 14.7
3938 39380000 110.7
3939 39390000 53.3
3940 39400000 143.3
3941 39410000 241.0
3942 39420000 90.0
3943 39430000 137.7
3944 39440000 179.7
3945 39450000 32.7
3946 39460000 91.3
3947 39470000 32.7
3948 39480000 108.7
3949 39490000 54.7
3950 39500000 282.3
3951 39510000 23.7
3952 39520000 118.3
3953 39530000 94.0
3954 39540000 90.0
3955 39550000 153.7
3956 39560000 65.7
3957 39570000 32.3
3958 39580000 19.3
3959 39590000 88.0
3960 39600000 132.0
3961 39610000 34.7
3962 39620000 105.3
3963 39630000 208.0
3964 39640000 37.7
3965 39650000 19.7
3966 39660000 68.7
3967 39670000 11.7
3968 39680000 217.7
3969 39690000 106.3
3970 39700000 56.0
3971 39710000 215.3
3972 39720000 199.3
3973 39730000 190.3
3974 39740000 111.0
3975 39750000 247.7
3976 39760000 149.0
3977 39770000 142.3
3978 39780000 106.3
3979 39790000 37.0
3980 39800000 23.0
3981 39810000 39.3
3982 39820000 32.0
3983 39830000 25.7
3984 39840000 114.7
3985 39850000 185.3
3986 39860000 121.3
3987 39870000 95.7
3988 39880000 154.3
3989 39890000 77.0
3990 39900000 54.3
3991 39910000 90.0
3992 39920000 118.3
3993 39930000 79.7
3994 39940000 41.7
3995 39950000 213.7
3996 39960000 181.3
3997 39970000 62.0
3998 39980000 204.7
3999 39990000 109.0
4000 40000000 103.3
4001 40010000 123.7
4002 40020000 211.0
4003 40030000 67.3
4004 40040000 145.3
4005 40050000 148.0
4006 40060000 71.7
4007 40070000 58.0
4008 40080000 11.0
4009 40090000 262.0
4010 40100000 15.0
4011 40110000 217.7
4012 40120000 57.0
4013 40130000 61.0
4014 40140000 20.0
4015 40150000 282.3
4016 40160000 30.3
4017 40170000 37.7
4018 40180000 129.0
4019 40190000 134.0
4020 40200000 39.3
4021 40210000 107.7
4022 40220000 119.0
4023 40230000 16.3
4024 40240000 11.3
4025 40250000 25.7
4026 40260000 30.0
4027 40270000 106.0
4028 40280000 11.0
4029 40290000 149.7
4030 40300000 126.3
4031 40310000 81.7
4032 40320000 187.0
4033 40330000 43.7
4034 40340000 215.3
4035 40350000 152.0
4036 40360000 196.3
4037 40370000 97.3
4038 40380000 14.0
4039 40390000 14.0
4040 40400000 66.3
4041 40410000 48.3
4042 40420000 6.7
4043 40430000 156.3
4044 40440000 110.0
4045 40450000 71.3
4046 40460000 61.0
4047 40470000 19.3
4048 40480000 70.7
4049 40490000 42.7
4050 40500000 247.7
4051 40510000 142.0
4052 40520000 12.3
4053 40530000 99.7
4054 40540000 114.3
4055 40550000 17.3
4056 40560000 88.3
4057 40570000 102.7
4058 40580000 130.7
4059 40590000 36.0
4060 40600000 222.3
4061 40610000 25.7
4062 40620000 24.3
4063 40630000 140.3
4064 40640000 215.0
4065 40650000 93.0
4066 40660000 55.3
4067 40670000 132.3
4068 40680000 13.7
4069 40690000 265.7
4070 40700000 125.7
4071 40710000 11.0
4072 40720000 45.3
4073 40730000 40.0
4074 40740000 42.7
4075 40750000 64.3
4076 40760000 32.3
4077 40770000 38.0
4078 40780000 82.3
4079 40790000 27.7
4080 40800000 132.3
4081 40810000 14.7
4082 40820000 25.7
4083 40830000 17.3
4084 40840000 159.0
4085 40850000 145.7
4086 40860000 72.3
4087 40870000 98.0
4088 40880000 31.3
4089 40890000 24.7
4090 40900000 97.7
4091 40910000 44.0
4092 40920000 26.0
4093 40930000 207.7
4094 40940000 126.0
4095 40950000 119.7
4096 40960000 78.7
4097 40970000 140.0
4098 40980000 148.7
4099 40990000 37.3
4100 41000000 136.0
4101 41010000 27.7
4102 41020000 74.0
4103 41030000 50.3
4104 41040000 69.0
4105 41050000 30.3
4106 41060000 28.7
4107 41070000 39.3
4108 41080000 138.3
4109 41090000 140.0
4110 41100000 115.7
4111 41110000 80.3
4112 41120000 81.3
4113 41130000 20.0
4114 41140000 42.0
4115 41150000 166.0
4116 41160000 25.0
4117 41170000 142.7
4118 41180000 54.7
4119 41190000 127.0
4120 41200000 60.0
4121 41210000 34.7
4122 41220000 8.3
4123 41230000 21.0
4124 41240000 102.7
4125 41250000 93.7
4126 41260000 75.3
4127 41270000 48.7
4128 41280000 32.0
4129 41290000 66.0
4130 41300000 58.7
4131 41310000 110.0
4132 41320000 163.0
4133 41330000 39.3
4134 41340000 117.3
4135 41350000 14.3
4136 41360000 25.0
4137 41370000 201.3
4138 41380000 94.7
4139 41390000 132.0
4140 41400000 118.7
4141 41410000 67.3
4142 41420000 123.3
4143 41430000 247.3
4144 41440000 53.3
4145 41450000 106.0
4146 41460000 98.7
4147 41470000 89.3
4148 41480000 311.7
4149 41490000 19.7
4150 41500000 162.3
4151 41510000 30.7
4152 41520000 36.0
4153 41530000 79.7
4154 41540000 122.7
4155 41550000 14.3
4156 41560000 104.3
4157 41570000 163.0
4158 41580000 20.7
4159 41590000 109.7
4160 41600000 114.7
4161 41610000 13.0
4162 41620000 82.3
4163 41630000 40.3
4164 41640000 136.3
4165 41650000 94.3
4166 41660000 130.3
4167 41670000 130.7
4168 41680000 45.7
4169 41690000 28.3
4170 41700000 33.7
4171 41710000 39.7
4172 41720000 111.3
4173 41730000 36.3
4174 41740000 117.0
4175 41750000 129.7
4176 41760000 99.7
4177 41770000 18.0
4178 41780000 257.0
4179 41790000 179.3
4180 41800000 124.0
4181 41810000 51.0
4182 41820000 13.0
4183 41830000 22.7
4184 41840000 106.0
4185 41850000 17.3
4186 41860000 75.7
4187 41870000 145.7
4188 41880000 64.7
4189 41890000 83.0
4190 41900000 78.7
4191 41910000 41.7
4192 41920000 43.3
4193 41930000 33.3
4194 41940000 242.0
4195 41950000 23.0
4196 41960000 18.0
4197 41970000 130.3
4198 41980000 16.7
4199 41990000 133.7
4200 42000000 136.3
4201 42010000 136.7
4202 42020000 28.7
4203 42030000 55.3
4204 42040000 125.3
4205 42050000 126.7
4206 42060000 40.7
4207 42070000 121.0
4208 42080000 38.0
4209 42090000 57.3
4210 42100000 78.7
4211 42110000 46.3
4212 42120000 47.0
4213 42130000 71.3
4214 42140000 55.3
4215 42150000 189.7
4216 42160000 26.7
4217 42170000 19.7
4218 42180000 147.0
4219 42190000 34.0
4220 42200000 31.3
4221 42210000 111.3
4222 42220000 194.7
4223 42230000 21.3
4224 42240000 152.3
4225 42250000 150.0
4226 42260000 188.7
4227 42270000 29.7
4228 42280000 39.0
4229 42290000 22.0
4230 42300000 17.7
4231 42310000 210.3
4232 42320000 98.7
4233 42330000 191.7
4234 42340000 34.3
4235 42350000 163.7
4236 42360000 236.7
4237 42370000 91.7
4238 42380000 20.7
4239 42390000 94.3
4240 42400000 189.0
4241 42410000 43.7
4242 42420000 87.0
4243 42430000 38.0
4244 42440000 74.0
4245 42450000 262.7
4246 42460000 169.7
4247 42470000 153.0
4248 42480000 74.3
4249 42490000 135.0
4250 42500000 112.0
4251 42510000 140.0
4252 42520000 159.0
4253 42530000 229.0
4254 42540000 32.3
4255 42550000 53.3
4256 42560000 32.7
4257 42570000 14.0
4258 42580000 25.0
4259 42590000 35.7
4260 42600000 140.3
4261 42610000 163.7
4262 42620000 73.7
4263 42630000 194.7
4264 42640000 151.7
4265 42650000 133.0
4266 42660000 30.7
4267 42670000 24.3
4268 42680000 110.7
4269 42690000 151.0
4270 42700000 134.3
4271 42710000 94.7
4272 42720000 106.0
4273 42730000 35.3
4274 42740000 97.7
4275 42750000 139.7
4276 42760000 24.3
4277 42770000 23.3
4278 42780000 30.7
4279 42790000 33.7
4280 42800000 260.0
4281 42810000 121.3
4282 42820000 95.7
4283 42830000 220.3
4284 42840000 98.3
4285 42850000 84.0
4286 42860000 54.7
4287 42870000 97.0
4288 42880000 197.7
4289 42890000 151.0
4290 42900000 42.7
4291 42910000 58.0
4292 42920000 51.3
4293 42930000 85.3
4294 42940000 41.0
4295 42950000 86.3
4296 42960000 196.7
4297 42970000 149.7
4298 42980000 72.3
4299 42990000 70.3
4300 43000000 189.0
4301 43010000 20.3
4302 43020000 20.7
4303 43030000 33.0
4304 43040000 207.3
4305 43050000 100.0
4306 43060000 74.7
4307 43070000 178.7
4308 43080000 121.3
4309 43090000 39.3
4310 43100000 170.0
4311 43110000 125.7
4312 43120000 91.0
4313 43130000 216.3
4314 43140000 80.3
4315 43150000 118.0
4316 43160000 27.3
4317 43170000 205.3
4318 43180000 23.0
4319 43190000 65.0
4320 43200000 192.3
4321 43210000 73.0
4322 43220000 11.7
4323 43230000 95.7
4324 43240000 245.3
4325 43250000 36.7
4326 43260000 73.0
4327 43270000 156.0
4328 43280000 28.7
4329 43290000 218.3
4330 43300000 23.0
4331 43310000 145.3
4332 43320000 125.0
4333 43330000 23.0
4334 43340000 136.0
4335 43350000 53.0
4336 43360000 138.0
4337 43370000 55.7
4338 43380000 157.3
4339 43390000 129.0
4340 43400000 41.3
4341 43410000 51.3
4342 43420000 75.7
4343 43430000 92.0
4344 43440000 164.0
4345 43450000 30.3
4346 43460000 99.0
4347 43470000 126.3
4348 43480000 87.0
4349 43490000 73.0
4350 43500000 13.0
4351 43510000 135.3
4352 43520000 121.3
4353 43530000 32.0
4354 43540000 31.7
4355 43550000 65.0
4356 43560000 131.7
4357 43570000 92.3
4358 43580000 190.0
4359 43590000 45.0
4360 43600000 223.7
4361 43610000 23.0
4362 43620000 137.0
4363 43630000 138.3
4364 43640000 65.0
4365 43650000 116.0
4366 43660000 172.0
4367 43670000 230.3
4368 43680000 217.7
4369 43690000 20.0
4370 43700000 31.7
4371 43710000 119.3
4372 43720000 94.0
4373 43730000 132.0
4374 43740000 45.7
4375 43750000 235.3
4376 43760000 32.3
4377 43770000 68.3
4378 43780000 161.7
4379 43790000 42.7
4380 43800000 154.3
4381 43810000 120.7
4382 43820000 30.7
4383 43830000 46.3
4384 43840000 100.7
4385 43850000 99.7
4386 43860000 220.7
4387 43870000 104.0
4388 43880000 105.7
4389 43890000 194.0
4390 43900000 153.0
4391 43910000 134.7
4392 43920000 103.0
4393 43930000 145.7
4394 43940000 52.7
4395 43950000 116.3
4396 43960000 193.3
4397 43970000 126.7
4398 43980000 75.3
4399 43990000 21.7
4400 44000000 33.3
4401 44010000 36.0
4402 44020000 32.3
4403 44030000 15.7
4404 44040000 53.0
4405 44050000 20.7
4406 44060000 53.7
4407 44070000 33.0
4408 44080000 130.3
4409 44090000 75.7
4410 44100000 143.7
4411 44110000 150.0
4412 44120000 132.7
4413 44130000 27.3
4414 44140000 51.3
4415 44150000 179.7
4416 44160000 153.3
4417 44170000 48.0
4418 44180000 141.7
4419 44190000 59.0
4420 44200000 215.7
4421 44210000 117.0
4422 44220000 105.0
4423 44230000 194.7
4424 44240000 161.7
4425 44250000 216.7
4426 44260000 176.7
4427 44270000 39.3
4428 44280000 99.0
4429 44290000 109.3
4430 44300000 81.3
4431 44310000 173.0
4432 44320000 214.7
4433 44330000 29.0
4434 44340000 49.0
4435 44350000 169.3
4436 44360000 88.3
4437 44370000 102.0
4438 44380000 56.3
4439 44390000 176.7
4440 44400000 147.7
4441 44410000 118.3
4442 44420000 185.3
4443 44430000 29.3
4444 44440000 120.3
4445 44450000 165.0
4446 44460000 67.3
4447 44470000 177.3
4448 44480000 46.7
4449 44490000 127.3
4450 44500000 58.3
4451 44510000 159.0
4452 44520000 153.3
4453 44530000 226.0
4454 44540000 203.7
4455 44550000 124.7
4456 44560000 179.7
4457 44570000 180.0
4458 44580000 96.7
4459 44590000 182.3
4460 44600000 210.0
4461 44610000 280.0
4462 44620000 159.3
4463 44630000 343.7
4464 44640000 39.0
4465 44650000 346.3
4466 44660000 285.3
4467 44670000 56.0
4468 44680000 123.3
4469 44690000 224.3
4470 44700000 206.0
4471 44710000 50.0
4472 44720000 228.7
4473 44730000 132.7
4474 44740000 141.0
4475 44750000 245.3
4476 44760000 53.0
4477 44770000 104.7
4478 44780000 122.0
4479 44790000 322.3
4480 44800000 152.0
4481 44810000 265.7
4482 44820000 175.3
4483 44830000 219.7
4484 44840000 175.3
4485 44850000 133.7
4486 44860000 31.0
4487 44870000 128.0
4488 44880000 153.3
4489 44890000 112.3
4490 44900000 167.3
4491 44910000 121.7
4492 44920000 123.7
4493 44930000 56.0
4494 44940000 47.7
4495 44950000 200.0
4496 44960000 173.7
4497 44970000 116.7
4498 44980000 152.3
4499 44990000 33.0
4500 45000000 114.7
4501 45010000 74.7
4502 45020000 39.7
4503 45030000 35.3
4504 45040000 21.7
4505 45050000 41.0
4506 45060000 55.0
4507 45070000 160.3
4508 45080000 34.7
4509 45090000 137.7
4510 45100000 132.0
4511 45110000 62.0
4512 45120000 94.7
4513 45130000 282.7
4514 45140000 39.3
4515 45150000 39.7
4516 45160000 66.3
4517 45170000 78.0
4518 45180000 30.7
4519 45190000 115.7
4520 45200000 252.7
4521 45210000 150.7
4522 45220000 346.0
4523 45230000 35.3
4524 45240000 117.0
4525 45250000 122.0
4526 45260000 22.7
4527 45270000 31.7
4528 45280000 69.3
4529 45290000 58.7
4530 45300000 78.7
4531 45310000 77.7
4532 45320000 67.7
4533 45330000 159.7
4534 45340000 147.3
4535 45350000 151.0
4536 45360000 11.7
4537 45370000 177.3
4538 45380000 52.0
4539 45390000 118.0
4540 45400000 159.0
4541 45410000 117.7
4542 45420000 26.7
4543 45430000 213.0
4544 45440000 94.3
4545 45450000 171.7
4546 45460000 35.0
4547 45470000 87.3
4548 45480000 51.0
4549 45490000 138.7
4550 45500000 44.3
4551 45510000 30.3
4552 45520000 41.3
4553 45530000 263.0
4554 45540000 135.7
4555 45550000 128.3
4556 45560000 123.7
4557 45570000 21.3
4558 45580000 243.0
4559 45590000 37.3
4560 45600000 30.3
4561 45610000 81.3
4562 45620000 136.0
4563 45630000 46.3
4564 45640000 258.7
4565 45650000 160.0
4566 45660000 218.0
4567 45670000 138.0
4568 45680000 9.7
4569 45690000 11.3
4570 45700000 13.3
4571 45710000 11.0
4572 45720000 282.7
4573 45730000 38.7
4574 45740000 45.3
4575 45750000 138.3
4576 45760000 44.7
4577 45770000 160.3
4578 45780000 218.0
4579 45790000 55.0
4580 45800000 40.7
4581 45810000 49.0
4582 45820000 9.3
4583 45830000 162.3
4584 45840000 130.3
4585 45850000 126.3
4586 45860000 50.3
4587 45870000 91.7
4588 45880000 78.3
4589 45890000 222.7
4590 45900000 272.3
4591 45910000 128.3
4592 45920000 360.3
4593 45930000 124.7
4594 45940000 81.3
4595 45950000 123.0
4596 45960000 329.7
4597 45970000 6.7
4598 45980000 276.7
4599 45990000 44.3
4600 46000000 148.3
4601 46010000 175.0
4602 46020000 59.7
4603 46030000 185.0
4604 46040000 37.3
4605 46050000 113.7
4606 46060000 231.7
4607 46070000 46.0
4608 46080000 160.7
4609 46090000 163.3
4610 46100000 235.7
4611 46110000 273.7
4612 46120000 201.3
4613 46130000 69.7
4614 46140000 262.3
4615 46150000 163.3
4616 46160000 77.3
4617 46170000 142.0
4618 46180000 21.7
4619 46190000 27.7
4620 46200000 192.3
4621 46210000 64.3
4622 46220000 178.0
4623 46230000 8.3
4624 46240000 39.7
4625 46250000 42.7
4626 46260000 76.7
4627 46270000 43.0
4628 46280000 32.7
4629 46290000 23.7
4630 46300000 163.3
4631 46310000 52.3
4632 46320000 56.0
4633 46330000 82.7
4634 46340000 64.7
4635 46350000 53.0
4636 46360000 136.0
4637 46370000 69.3
4638 46380000 63.7
4639 46390000 163.7
4640 46400000 36.0
4641 46410000 123.3
4642 46420000 99.3
4643 46430000 89.3
4644 46440000 22.3
4645 46450000 16.3
4646 46460000 128.7
4647 46470000 32.3
4648 46480000 9.7
4649 46490000 132.3
4650 46500000 92.0
4651 46510000 289.0
4652 46520000 160.3
4653 46530000 132.0
4654 46540000 133.0
4655 46550000 122.0
4656 46560000 243.0
4657 46570000 310.7
4658 46580000 255.0
4659 46590000 303.0
4660 46600000 306.3
4661 46610000 90.7
4662 46620000 215.7
4663 46630000 36.0
4664 46640000 165.7
4665 46650000 154.0
4666 46660000 88.3
4667 46670000 276.7
4668 46680000 221.3
4669 46690000 23.3
4670 46700000 76.7
4671 46710000 147.3
4672 46720000 127.0
4673 46730000 125.0
4674 46740000 25.0
4675 46750000 26.7
4676 46760000 49.3
4677 46770000 148.0
4678 46780000 265.7
4679 46790000 249.7
4680 46800000 153.3
4681 46810000 245.0
4682 46820000 150.3
4683 46830000 28.7
4684 46840000 61.0
4685 46850000 264.7
4686 46860000 177.7
4687 46870000 254.3
4688 46880000 61.0
4689 46890000 148.7
4690 46900000 137.7
4691 46910000 161.3
4692 46920000 132.7
4693 46930000 187.7
4694 46940000 97.0
4695 46950000 39.7
4696 46960000 33.7
4697 46970000 273.7
4698 46980000 275.0
4699 46990000 250.0
4700 47000000 258.0
4701 47010000 115.7
4702 47020000 305.3
4703 47030000 148.7
4704 47040000 172.3
4705 47050000 31.3
4706 47060000 196.7
4707 47070000 31.7
4708 47080000 264.7
4709 47090000 130.3
4710 47100000 128.7
4711 47110000 170.3
4712 47120000 85.7
4713 47130000 103.3
4714 47140000 161.7
4715 47150000 201.7
4716 47160000 40.3
4717 47170000 263.3
4718 47180000 122.0
4719 47190000 160.0
4720 47200000 270.7
4721 47210000 305.7
4722 47220000 71.3
4723 47230000 132.3
4724 47240000 150.0
4725 47250000 49.3
4726 47260000 136.7
4727 47270000 83.3
4728 47280000 158.7
4729 47290000 246.0
4730 47300000 231.3
4731 47310000 40.0
4732 47320000 57.7
4733 47330000 23.7
4734 47340000 117.7
4735 47350000 310.0
4736 47360000 207.0
4737 47370000 248.0
4738 47380000 115.3
4739 47390000 152.7
4740 47400000 156.7
4741 47410000 150.7
4742 47420000 165.0
4743 47430000 140.7
4744 47440000 61.7
4745 47450000 163.0
4746 47460000 268.3
4747 47470000 182.0
4748 47480000 247.7
4749 47490000 63.0
4750 47500000 133.7
4751 47510000 189.3
4752 47520000 39.3
4753 47530000 101.7
4754 47540000 23.7
4755 47550000 294.0
4756 47560000 164.0
4757 47570000 107.0
4758 47580000 145.3
4759 47590000 39.3
4760 47600000 151.0
4761 47610000 257.0
4762 47620000 213.0
4763 47630000 133.3
4764 47640000 263.0
4765 47650000 54.7
4766 47660000 28.0
4767 47670000 272.3
4768 47680000 222.0
4769 47690000 249.7
4770 47700000 52.0
4771 47710000 244.3
4772 47720000 291.0
4773 47730000 265.0
4774 47740000 164.0
4775 47750000 44.3
4776 47760000 87.3
4777 47770000 398.0
4778 47780000 35.7
4779 47790000 103.3
4780 47800000 102.0
4781 47810000 159.0
4782 47820000 176.7
4783 47830000 155.0
4784 47840000 280.0
4785 47850000 178.7
4786 47860000 96.0
4787 47870000 194.0
4788 47880000 66.3
4789 47890000 39.7
4790 47900000 179.7
4791 47910000 55.7
4792 47920000 103.3
4793 47930000 55.0
4794 47940000 80.7
4795 47950000 150.0
4796 47960000 28.7
4797 47970000 39.3
4798 47980000 52.3
4799 47990000 262.0
4800 48000000 40.3
4801 48010000 108.3
4802 48020000 62.3
4803 48030000 118.3
4804 48040000 91.0
4805 48050000 152.7
4806 48060000 331.0
4807 48070000 133.7
4808 48080000 40.3
4809 48090000 156.0
4810 48100000 290.0
4811 48110000 17.3
4812 48120000 209.7
4813 48130000 95.3
4814 48140000 157.3
4815 48150000 198.0
4816 48160000 175.7
4817 48170000 340.3
4818 48180000 161.3
4819 48190000 38.7
4820 48200000 41.7
4821 48210000 29.0
4822 48220000 19.7
4823 48230000 124.0
4824 48240000 277.7
4825 48250000 215.0
4826 48260000 271.3
4827 48270000 282.0
4828 48280000 142.0
4829 48290000 130.3
4830 48300000 109.3
4831 48310000 51.0
4832 48320000 28.7
4833 48330000 90.3
4834 48340000 194.7
4835 48350000 19.3
4836 48360000 144.7
4837 48370000 147.3
4838 48380000 137.7
4839 48390000 139.0
4840 48400000 157.3
4841 48410000 260.0
4842 48420000 110.7
4843 48430000 256.3
4844 48440000 283.7
4845 48450000 195.7
4846 48460000 82.0
4847 48470000 135.0
4848 48480000 235.3
4849 48490000 172.7
4850 48500000 221.0
4851 48510000 338.7
4852 48520000 108.3
4853 48530000 48.3
4854 48540000 65.7
4855 48550000 70.3
4856 48560000 99.3
4857 48570000 31.7
4858 48580000 300.7
4859 48590000 243.3
4860 48600000 203.0
4861 48610000 98.0
4862 48620000 216.0
4863 48630000 24.3
4864 48640000 132.7
4865 48650000 145.0
4866 48660000 114.3
4867 48670000 232.7
4868 48680000 148.7
4869 48690000 161.3
4870 48700000 25.0
4871 48710000 25.7
4872 48720000 150.0
4873 48730000 175.7
4874 48740000 45.0
4875 48750000 43.7
4876 48760000 158.3
4877 48770000 126.3
4878 48780000 180.0
4879 48790000 156.7
4880 48800000 132.7
4881 48810000 157.7
4882 48820000 100.0
4883 48830000 60.0
4884 48840000 161.7
4885 48850000 242.3
4886 48860000 46.0
4887 48870000 126.3
4888 48880000 122.0
4889 48890000 208.3
4890 48900000 62.7
4891 48910000 47.7
4892 48920000 184.3
4893 48930000 79.3
4894 48940000 32.7
4895 48950000 38.7
4896 48960000 136.0
4897 48970000 35.3
4898 48980000 184.3
4899 48990000 86.0
4900 49000000 280.3
4901 49010000 205.0
4902 49020000 260.0
4903 49030000 119.3
4904 49040000 179.7
4905 49050000 67.0
4906 49060000 20.7
4907 49070000 12.7
4908 49080000 257.0
4909 49090000 81.7
4910 49100000 222.3
4911 49110000 48.0
4912 49120000 184.0
4913 49130000 141.3
4914 49140000 31.0
4915 49150000 34.7
4916 49160000 42.0
4917 49170000 36.0
4918 49180000 15.0
4919 49190000 17.0
4920 49200000 16.7
4921 49210000 20.7
4922 49220000 252.3
4923 49230000 43.0
4924 49240000 160.0
4925 49250000 148.0
4926 49260000 146.0
4927 49270000 56.0
4928 49280000 132.0
4929 49290000 239.7
4930 49300000 68.7
4931 49310000 158.3
4932 49320000 299.7
4933 49330000 95.7
4934 49340000 162.7
4935 49350000 96.7
4936 49360000 18.0
4937 49370000 24.3
4938 49380000 229.0
4939 49390000 114.3
4940 49400000 344.3
4941 49410000 107.7
4942 49420000 124.0
4943 49430000 33.3
4944 49440000 106.3
4945 49450000 74.0
4946 49460000 43.3
4947 49470000 107.0
4948 49480000 38.0
4949 49490000 155.0
4950 49500000 359.0
4951 49510000 179.0
4952 49520000 42.7
4953 49530000 42.0
4954 49540000 117.0
4955 49550000 116.7
4956 49560000 43.7
4957 49570000 208.3
4958 49580000 19.7
4959 49590000 34.0
4960 49600000 120.0
4961 49610000 276.3
4962 49620000 298.7
4963 49630000 157.0
4964 49640000 54.3
4965 49650000 27.3
4966 49660000 158.0
4967 49670000 126.0
4968 49680000 262.3
4969 49690000 23.0
4970 49700000 167.7
4971 49710000 72.3
4972 49720000 34.3
4973 49730000 92.0
4974 49740000 57.0
4975 49750000 133.7
4976 49760000 140.7
4977 49770000 61.3
4978 49780000 61.3
4979 49790000 84.3
4980 49800000 49.3
4981 49810000 103.3
4982 49820000 145.7
4983 49830000 128.7
4984 49840000 189.3
4985 49850000 14.3
4986 49860000 220.0
4987 49870000 143.7
4988 49880000 270.0
4989 49890000 179.7
4990 49900000 117.3
4991 49910000 35.0
4992 49920000 149.3
4993 49930000 228.7
4994 49940000 222.7
4995 49950000 62.0
4996 49960000 69.3
4997 49970000 199.0
4998 49980000 93.7
4999 49990000 162.3
