   0        0 38.3
   1    10000 27.0
   2    20000 26.0
   3    30000 68.3
   4    40000 26.0
   5    50000 46.3
   6    60000 47.0
   7    70000 26.7
   8    80000 71.3
   9    90000 90.3
  10   100000 48.0
  11   110000 151.7
  12   120000 123.3
  13   130000 51.3
  14   140000 137.0
  15   150000 53.7
  16   160000 48.3
  17   170000 102.3
  18   180000 72.0
  19   190000 56.3
  20   200000 155.3
  21   210000 30.3
  22   220000 50.3
  23   230000 75.3
  24   240000 64.0
  25   250000 90.7
  26   260000 35.3
  27   270000 137.0
  28   280000 54.3
  29   290000 81.3
  30   300000 125.0
  31   310000 49.3
  32   320000 83.0
  33   330000 60.0
  34   340000 53.3
  35   350000 66.3
  36   360000 71.3
  37   370000 147.3
  38   380000 60.7
  39   390000 123.3
  40   400000 106.7
  41   410000 40.0
  42   420000 28.0
  43   430000 29.0
  44   440000 150.3
  45   450000 85.0
  46   460000 174.3
  47   470000 37.7
  48   480000 78.7
  49   490000 45.3
  50   500000 70.7
  51   510000 81.3
  52   520000 133.3
  53   530000 57.0
  54   540000 42.3
  55   550000 125.0
  56   560000 36.0
  57   570000 189.3
  58   580000 57.0
  59   590000 101.3
  60   600000 55.7
  61   610000 40.7
  62   620000 64.0
  63   630000 51.7
  64   640000 96.7
  65   650000 35.7
  66   660000 107.3
  67   670000 159.0
  68   680000 59.7
  69   690000 119.7
  70   700000 123.7
  71   710000 54.7
  72   720000 83.0
  73   730000 168.7
  74   740000 63.3
  75   750000 88.3
  76   760000 61.3
  77   770000 45.3
  78   780000 187.3
  79   790000 45.3
  80   800000 52.3
  81   810000 68.7
  82   820000 175.3
  83   830000 89.0
  84   840000 117.3
  85   850000 77.3
  86   860000 184.3
  87   870000 102.7
  88   880000 177.3
  89   890000 127.7
  90   900000 73.3
  91   910000 97.7
  92   920000 206.0
  93   930000 11.3
  94   940000 13.0
  95   950000 16.0
  96   960000 12.3
  97   970000 11.7
  98   980000 75.3
  99   990000 34.3
 100  1000000 77.0
 101  1010000 28.0
 102  1020000 151.7
 103  1030000 53.0
 104  1040000 117.7
 105  1050000 113.7
 106  1060000 56.7
 107  1070000 47.0
 108  1080000 62.7
 109  1090000 42.0
 110  1100000 50.3
 111  1110000 50.0
 112  1120000 64.7
 113  1130000 67.3
 114  1140000 86.7
 115  1150000 186.0
 116  1160000 88.0
 117  1170000 237.0
 118  1180000 95.3
 119  1190000 85.0
 120  1200000 72.0
 121  1210000 47.0
 122  1220000 64.0
 123  1230000 85.3
 124  1240000 58.3
 125  1250000 67.7
 126  1260000 58.3
 127  1270000 138.3
 128  1280000 69.3
 129  1290000 93.0
 130  1300000 66.0
 131  1310000 56.3
 132  1320000 83.3
 133  1330000 27.0
 134  1340000 12.7
 135  1350000 14.3
 136  1360000 14.3
 137  1370000 28.7
 138  1380000 136.7
 139  1390000 60.0
 140  1400000 50.3
 141  1410000 163.7
 142  1420000 133.0
 143  1430000 85.0
 144  1440000 153.0
 145  1450000 54.0
 146  1460000 105.3
 147  1470000 37.3
 148  1480000 77.3
 149  1490000 67.7
 150  1500000 75.7
 151  1510000 138.3
 152  1520000 63.0
 153  1530000 88.3
 154  1540000 160.0
 155  1550000 89.0
 156  1560000 89.0
 157  1570000 122.3
 158  1580000 139.0
 159  1590000 82.7
 160  1600000 115.0
 161  1610000 98.3
 162  1620000 90.3
 163  1630000 52.0
 164  1640000 41.0
 165  1650000 77.3
 166  1660000 253.7
 167  1670000 171.3
 168  1680000 36.0
 169  1690000 126.0
 170  1700000 147.7
 171  1710000 191.7
 172  1720000 129.3
 173  1730000 53.3
 174  1740000 61.7
 175  1750000 172.7
 176  1760000 168.3
 177  1770000 80.0
 178  1780000 193.7
 179  1790000 156.7
 180  1800000 109.7
 181  1810000 62.7
 182  1820000 73.3
 183  1830000 73.7
 184  1840000 82.3
 185  1850000 37.3
 186  1860000 59.7
 187  1870000 236.7
 188  1880000 39.7
 189  1890000 134.7
 190  1900000 106.7
 191  1910000 61.7
 192  1920000 127.3
 193  1930000 96.3
 194  1940000 130.3
 195  1950000 59.3
 196  1960000 157.3
 197  1970000 111.7
 198  1980000 204.3
 199  1990000 73.3
 200  2000000 38.3
 201  2010000 24.0
 202  2020000 27.7
 203  2030000 133.0
 204  2040000 34.3
 205  2050000 23.3
 206  2060000 160.3
 207  2070000 69.3
 208  2080000 45.0
 209  2090000 47.3
 210  2100000 73.3
 211  2110000 58.3
 212  2120000 52.3
 213  2130000 42.0
 214  2140000 46.7
 215  2150000 161.7
 216  2160000 109.0
 217  2170000 107.3
 218  2180000 172.7
 219  2190000 22.0
 220  2200000 28.0
 221  2210000 26.7
 222  2220000 72.0
 223  2230000 71.7
 224  2240000 80.7
 225  2250000 75.3
 226  2260000 110.7
 227  2270000 35.3
 228  2280000 239.0
 229  2290000 73.0
 230  2300000 83.0
 231  2310000 66.3
 232  2320000 94.7
 233  2330000 33.3
 234  2340000 164.7
 235  2350000 137.3
 236  2360000 130.7
 237  2370000 61.0
 238  2380000 173.0
 239  2390000 25.0
 240  2400000 32.0
 241  2410000 24.0
 242  2420000 150.7
 243  2430000 53.7
 244  2440000 89.0
 245  2450000 118.7
 246  2460000 115.3
 247  2470000 27.3
 248  2480000 26.7
 249  2490000 24.3
 250  2500000 28.0
 251  2510000 61.7
 252  2520000 54.0
 253  2530000 70.0
 254  2540000 59.7
 255  2550000 38.7
 256  2560000 98.7
 257  2570000 23.7
 258  2580000 47.3
 259  2590000 77.7
 260  2600000 71.7
 261  2610000 58.3
 262  2620000 81.3
 263  2630000 59.3
 264  2640000 223.0
 265  2650000 184.7
 266  2660000 118.7
 267  2670000 129.0
 268  2680000 176.0
 269  2690000 43.3
 270  2700000 60.0
 271  2710000 108.7
 272  2720000 72.7
 273  2730000 114.3
 274  2740000 81.3
 275  2750000 199.3
 276  2760000 180.7
 277  2770000 66.3
 278  2780000 89.7
 279  2790000 35.0
 280  2800000 67.3
 281  2810000 65.0
 282  2820000 115.7
 283  2830000 11.3
 284  2840000 16.7
 285  2850000 25.0
 286  2860000 160.3
 287  2870000 235.7
 288  2880000 46.7
 289  2890000 134.3
 290  2900000 88.3
 291  2910000 164.3
 292  2920000 126.3
 293  2930000 146.7
 294  2940000 75.3
 295  2950000 166.3
 296  2960000 149.0
 297  2970000 194.3
 298  2980000 146.3
 299  2990000 17.3
 300  3000000 12.3
 301  3010000 45.3
 302  3020000 26.7
 303  3030000 29.0
 304  3040000 129.0
 305  3050000 79.3
 306  3060000 55.0
 307  3070000 34.7
 308  3080000 32.7
 309  3090000 57.7
 310  3100000 69.7
 311  3110000 115.3
 312  3120000 88.7
 313  3130000 45.7
 314  3140000 266.3
 315  3150000 172.7
 316  3160000 79.3
 317  3170000 44.0
 318  3180000 46.3
 319  3190000 67.7
 320  3200000 82.7
 321  3210000 94.0
 322  3220000 92.0
 323  3230000 196.0
 324  3240000 86.0
 325  3250000 154.0
 326  3260000 114.7
 327  3270000 62.0
 328  3280000 262.7
 329  3290000 124.7
 330  3300000 26.0
 331  3310000 33.0
 332  3320000 97.7
 333  3330000 123.3
 334  3340000 67.0
 335  3350000 50.7
 336  3360000 100.7
 337  3370000 62.0
 338  3380000 63.3
 339  3390000 88.0
 340  3400000 141.0
 341  3410000 217.3
 342  3420000 154.0
 343  3430000 56.3
 344  3440000 115.0
 345  3450000 62.3
 346  3460000 162.7
 347  3470000 66.7
 348  3480000 129.7
 349  3490000 139.7
 350  3500000 121.7
 351  3510000 63.7
 352  3520000 30.7
 353  3530000 227.3
 354  3540000 90.0
 355  3550000 93.3
 356  3560000 167.7
 357  3570000 68.0
 358  3580000 206.7
 359  3590000 63.0
 360  3600000 146.0
 361  3610000 66.0
 362  3620000 70.3
 363  3630000 64.3
 364  3640000 68.0
 365  3650000 157.7
 366  3660000 65.7
 367  3670000 67.3
 368  3680000 74.0
 369  3690000 136.3
 370  3700000 90.3
 371  3710000 126.0
 372  3720000 192.7
 373  3730000 151.7
 374  3740000 161.3
 375  3750000 183.3
 376  3760000 165.0
 377  3770000 109.7
 378  3780000 63.7
 379  3790000 195.0
 380  3800000 67.7
 381  3810000 144.3
 382  3820000 223.7
 383  3830000 182.7
 384  3840000 164.3
 385  3850000 51.3
 386  3860000 68.3
 387  3870000 110.0
 388  3880000 15.3
 389  3890000 13.7
 390  3900000 16.0
 391  3910000 17.7
 392  3920000 33.0
 393  3930000 192.3
 394  3940000 71.0
 395  3950000 33.3
 396  3960000 61.7
 397  3970000 23.3
 398  3980000 158.3
 399  3990000 149.0
 400  4000000 105.7
 401  4010000 171.7
 402  4020000 69.0
 403  4030000 73.7
 404  4040000 98.0
 405  4050000 118.0
 406  4060000 196.3
 407  4070000 127.3
 408  4080000 86.3
 409  4090000 191.3
 410  4100000 135.0
 411  4110000 14.7
 412  4120000 67.3
 413  4130000 21.7
 414  4140000 18.3
 415  4150000 18.3
 416  4160000 20.3
 417  4170000 38.7
 418  4180000 62.0
 419  4190000 68.3
 420  4200000 121.7
 421  4210000 95.3
 422  4220000 168.7
 423  4230000 237.7
 424  4240000 79.3
 425  4250000 257.7
 426  4260000 31.3
 427  4270000 177.0
 428  4280000 49.7
 429  4290000 74.7
 430  4300000 75.7
 431  4310000 159.7
 432  4320000 153.0
 433  4330000 170.7
 434  4340000 86.0
 435  4350000 238.7
 436  4360000 157.0
 437  4370000 158.0
 438  4380000 230.0
 439  4390000 211.3
 440  4400000 141.3
 441  4410000 184.0
 442  4420000 189.3
 443  4430000 16.7
 444  4440000 29.3
 445  4450000 22.3
 446  4460000 245.7
 447  4470000 349.0
 448  4480000 121.7
 449  4490000 128.3
 450  4500000 86.3
 451  4510000 58.7
 452  4520000 47.3
 453  4530000 140.3
 454  4540000 166.3
 455  4550000 78.0
 456  4560000 119.0
 457  4570000 31.7
 458  4580000 55.0
 459  4590000 101.7
 460  4600000 165.3
 461  4610000 58.0
 462  4620000 242.7
 463  4630000 96.0
 464  4640000 237.3
 465  4650000 162.3
 466  4660000 186.3
 467  4670000 136.3
 468  4680000 60.7
 469  4690000 31.3
 470  4700000 19.3
 471  4710000 16.3
 472  4720000 16.7
 473  4730000 16.0
 474  4740000 27.0
 475  4750000 24.0
 476  4760000 20.0
 477  4770000 39.7
 478  4780000 91.3
 479  4790000 73.7
 480  4800000 129.0
 481  4810000 47.7
 482  4820000 55.0
 483  4830000 225.0
 484  4840000 36.0
 485  4850000 76.3
 486  4860000 141.7
 487  4870000 72.0
 488  4880000 305.0
 489  4890000 79.3
 490  4900000 184.0
 491  4910000 218.7
 492  4920000 29.3
 493  4930000 34.3
 494  4940000 19.0
 495  4950000 35.0
 496  4960000 21.3
 497  4970000 39.3
 498  4980000 103.0
 499  4990000 49.7
 500  5000000 152.7
 501  5010000 145.3
 502  5020000 263.0
 503  5030000 143.7
 504  5040000 131.3
 505  5050000 43.0
 506  5060000 166.3
 507  5070000 95.3
 508  5080000 256.3
 509  5090000 124.3
 510  5100000 139.3
 511  5110000 186.7
 512  5120000 172.3
 513  5130000 278.0
 514  5140000 17.3
 515  5150000 18.7
 516  5160000 17.3
 517  5170000 25.0
 518  5180000 30.3
 519  5190000 33.0
 520  5200000 76.7
 521  5210000 43.3
 522  5220000 78.3
 523  5230000 83.7
 524  5240000 16.3
 525  5250000 21.7
 526  5260000 56.3
 527  5270000 116.7
 528  5280000 161.3
 529  5290000 165.3
 530  5300000 167.3
 531  5310000 72.3
 532  5320000 20.0
 533  5330000 185.0
 534  5340000 177.7
 535  5350000 74.7
 536  5360000 30.3
 537  5370000 66.3
 538  5380000 108.7
 539  5390000 240.7
 540  5400000 24.3
 541  5410000 165.3
 542  5420000 157.7
 543  5430000 63.0
 544  5440000 103.3
 545  5450000 257.0
 546  5460000 184.7
 547  5470000 269.3
 548  5480000 37.7
 549  5490000 274.7
 550  5500000 150.3
 551  5510000 99.0
 552  5520000 34.7
 553  5530000 24.0
 554  5540000 159.7
 555  5550000 249.3
 556  5560000 18.7
 557  5570000 17.3
 558  5580000 14.3
 559  5590000 57.7
 560  5600000 77.3
 561  5610000 61.3
 562  5620000 32.7
 563  5630000 117.0
 564  5640000 102.7
 565  5650000 136.7
 566  5660000 102.0
 567  5670000 116.3
 568  5680000 117.3
 569  5690000 134.0
 570  5700000 207.7
 571  5710000 173.7
 572  5720000 48.7
 573  5730000 154.7
 574  5740000 34.7
 575  5750000 299.3
 576  5760000 110.0
 577  5770000 72.0
 578  5780000 36.7
 579  5790000 14.7
 580  5800000 99.0
 581  5810000 272.3
 582  5820000 235.7
 583  5830000 232.3
 584  5840000 59.3
 585  5850000 276.3
 586  5860000 261.0
 587  5870000 36.3
 588  5880000 46.0
 589  5890000 59.3
 590  5900000 63.3
 591  5910000 68.0
 592  5920000 16.3
 593  5930000 100.3
 594  5940000 159.7
 595  5950000 126.7
 596  5960000 64.3
 597  5970000 138.3
 598  5980000 183.3
 599  5990000 127.3
 600  6000000 74.3
 601  6010000 110.7
 602  6020000 41.3
 603  6030000 135.3
 604  6040000 35.0
 605  6050000 102.0
 606  6060000 152.7
 607  6070000 38.7
 608  6080000 26.0
 609  6090000 26.3
 610  6100000 22.0
 611  6110000 29.0
 612  6120000 21.3
 613  6130000 23.0
 614  6140000 70.3
 615  6150000 274.3
 616  6160000 152.0
 617  6170000 87.3
 618  6180000 113.7
 619  6190000 143.7
 620  6200000 153.3
 621  6210000 260.0
 622  6220000 96.7
 623  6230000 115.3
 624  6240000 164.7
 625  6250000 17.3
 626  6260000 17.7
 627  6270000 153.7
 628  6280000 72.3
 629  6290000 77.7
 630  6300000 116.0
 631  6310000 150.7
 632  6320000 140.0
 633  6330000 52.0
 634  6340000 158.3
 635  6350000 105.3
 636  6360000 36.3
 637  6370000 20.3
 638  6380000 24.3
 639  6390000 30.0
 640  6400000 14.0
 641  6410000 21.0
 642  6420000 19.7
 643  6430000 151.7
 644  6440000 135.7
 645  6450000 146.3
 646  6460000 125.7
 647  6470000 153.3
 648  6480000 124.7
 649  6490000 54.0
 650  6500000 195.7
 651  6510000 227.3
 652  6520000 140.3
 653  6530000 39.0
 654  6540000 21.7
 655  6550000 23.0
 656  6560000 185.7
 657  6570000 107.3
 658  6580000 161.3
 659  6590000 133.0
 660  6600000 180.7
 661  6610000 17.7
 662  6620000 148.3
 663  6630000 61.3
 664  6640000 168.0
 665  6650000 57.0
 666  6660000 183.3
 667  6670000 261.7
 668  6680000 111.3
 669  6690000 136.3
 670  6700000 62.7
 671  6710000 223.0
 672  6720000 181.0
 673  6730000 162.3
 674  6740000 178.7
 675  6750000 27.3
 676  6760000 31.0
 677  6770000 23.7
 678  6780000 25.0
 679  6790000 37.0
 680  6800000 144.7
 681  6810000 85.7
 682  6820000 68.7
 683  6830000 232.3
 684  6840000 42.7
 685  6850000 244.7
 686  6860000 127.3
 687  6870000 45.3
 688  6880000 157.0
 689  6890000 59.3
 690  6900000 143.0
 691  6910000 176.7
 692  6920000 95.7
 693  6930000 14.0
 694  6940000 13.0
 695  6950000 26.3
 696  6960000 14.3
 697  6970000 45.3
 698  6980000 118.0
 699  6990000 143.3
 700  7000000 51.0
 701  7010000 189.0
 702  7020000 24.7
 703  7030000 25.3
 704  7040000 35.0
 705  7050000 46.3
 706  7060000 16.3
 707  7070000 38.0
 708  7080000 57.7
 709  7090000 283.3
 710  7100000 54.3
 711  7110000 165.0
 712  7120000 215.0
 713  7130000 268.7
 714  7140000 65.3
 715  7150000 44.3
 716  7160000 155.3
 717  7170000 244.7
 718  7180000 168.0
 719  7190000 125.3
 720  7200000 35.3
 721  7210000 53.0
 722  7220000 155.0
 723  7230000 47.7
 724  7240000 179.7
 725  7250000 66.0
 726  7260000 39.3
 727  7270000 79.7
 728  7280000 44.7
 729  7290000 297.0
 730  7300000 131.7
 731  7310000 103.7
 732  7320000 213.3
 733  7330000 152.3
 734  7340000 40.3
 735  7350000 99.3
 736  7360000 37.0
 737  7370000 273.3
 738  7380000 263.3
 739  7390000 223.0
 740  7400000 82.7
 741  7410000 274.7
 742  7420000 158.0
 743  7430000 39.3
 744  7440000 126.3
 745  7450000 121.7
 746  7460000 95.7
 747  7470000 21.0
 748  7480000 183.7
 749  7490000 154.7
 750  7500000 183.7
 751  7510000 143.7
 752  7520000 229.0
 753  7530000 124.3
 754  7540000 50.7
 755  7550000 245.7
 756  7560000 183.3
 757  7570000 70.7
 758  7580000 173.7
 759  7590000 120.3
 760  7600000 66.0
 761  7610000 32.3
 762  7620000 53.3
 763  7630000 274.0
 764  7640000 54.0
 765  7650000 31.3
 766  7660000 135.7
 767  7670000 58.7
 768  7680000 157.0
 769  7690000 9.0
 770  7700000 9.0
 771  7710000 11.3
 772  7720000 10.0
 773  7730000 12.7
 774  7740000 35.3
 775  7750000 129.3
 776  7760000 50.0
 777  7770000 119.7
 778  7780000 61.0
 779  7790000 52.3
 780  7800000 174.7
 781  7810000 215.3
 782  7820000 47.3
 783  7830000 50.0
 784  7840000 29.7
 785  7850000 27.7
 786  7860000 149.0
 787  7870000 291.0
 788  7880000 89.7
 789  7890000 37.0
 790  7900000 20.7
 791  7910000 228.0
 792  7920000 133.7
 793  7930000 90.7
 794  7940000 35.7
 795  7950000 174.7
 796  7960000 128.0
 797  7970000 122.0
 798  7980000 135.3
 799  7990000 122.3
 800  8000000 115.7
 801  8010000 54.7
 802  8020000 92.7
 803  8030000 51.3
 804  8040000 80.3
 805  8050000 175.0
 806  8060000 45.7
 807  8070000 70.0
 808  8080000 156.7
 809  8090000 24.7
 810  8100000 30.3
 811  8110000 33.0
 812  8120000 86.3
 813  8130000 93.7
 814  8140000 62.0
 815  8150000 17.0
 816  8160000 261.0
 817  8170000 141.0
 818  8180000 287.7
 819  8190000 169.0
 820  8200000 32.3
 821  8210000 233.7
 822  8220000 117.3
 823  8230000 29.0
 824  8240000 36.0
 825  8250000 278.7
 826  8260000 38.0
 827  8270000 61.7
 828  8280000 123.3
 829  8290000 40.7
 830  8300000 238.0
 831  8310000 10.0
 832  8320000 9.7
 833  8330000 9.7
 834  8340000 166.7
 835  8350000 128.7
 836  8360000 269.0
 837  8370000 149.3
 838  8380000 156.7
 839  8390000 128.7
 840  8400000 164.0
 841  8410000 41.3
 842  8420000 50.0
 843  8430000 78.0
 844  8440000 127.7
 845  8450000 43.3
 846  8460000 49.0
 847  8470000 134.0
 848  8480000 54.0
 849  8490000 241.7
 850  8500000 59.0
 851  8510000 91.0
 852  8520000 48.3
 853  8530000 83.7
 854  8540000 126.7
 855  8550000 25.7
 856  8560000 150.7
 857  8570000 124.3
 858  8580000 36.7
 859  8590000 60.0
 860  8600000 143.3
 861  8610000 38.3
 862  8620000 55.0
 863  8630000 31.0
 864  8640000 84.7
 865  8650000 84.0
 866  8660000 244.7
 867  8670000 229.0
 868  8680000 135.0
 869  8690000 219.7
 870  8700000 138.3
 871  8710000 140.3
 872  8720000 173.3
 873  8730000 209.3
 874  8740000 10.7
 875  8750000 168.7
 876  8760000 78.0
 877  8770000 24.0
 878  8780000 228.3
 879  8790000 40.3
 880  8800000 8.7
 881  8810000 9.0
 882  8820000 49.7
 883  8830000 46.3
 884  8840000 94.0
 885  8850000 205.7
 886  8860000 234.7
 887  8870000 41.3
 888  8880000 187.0
 889  8890000 48.7
 890  8900000 46.7
 891  8910000 132.0
 892  8920000 72.0
 893  8930000 209.7
 894  8940000 56.0
 895  8950000 230.3
 896  8960000 99.7
 897  8970000 172.0
 898  8980000 10.0
 899  8990000 59.0
 900  9000000 72.0
 901  9010000 172.3
 902  9020000 44.3
 903  9030000 42.0
 904  9040000 71.7
 905  9050000 138.7
 906  9060000 251.3
 907  9070000 46.7
 908  9080000 141.7
 909  9090000 75.0
 910  9100000 237.0
 911  9110000 173.7
 912  9120000 8.7
 913  9130000 173.7
 914  9140000 131.3
 915  9150000 256.7
 916  9160000 11.7
 917  9170000 145.3
 918  9180000 75.3
 919  9190000 176.7
 920  9200000 127.7
 921  9210000 104.0
 922  9220000 38.3
 923  9230000 80.3
 924  9240000 131.3
 925  9250000 179.3
 926  9260000 270.7
 927  9270000 71.0
 928  9280000 52.7
 929  9290000 131.3
 930  9300000 75.7
 931  9310000 9.0
 932  9320000 115.0
 933  9330000 9.0
 934  9340000 169.0
 935  9350000 8.0
 936  9360000 50.7
 937  9370000 205.3
 938  9380000 131.3
 939  9390000 167.0
 940  9400000 156.0
 941  9410000 93.3
 942  9420000 64.7
 943  9430000 112.3
 944  9440000 66.3
 945  9450000 38.0
 946  9460000 118.3
 947  9470000 197.0
 948  9480000 47.0
 949  9490000 137.3
 950  9500000 74.7
 951  9510000 252.0
 952  9520000 160.3
 953  9530000 62.0
 954  9540000 55.0
 955  9550000 66.7
 956  9560000 96.3
 957  9570000 227.0
 958  9580000 148.7
 959  9590000 61.7
 960  9600000 144.3
 961  9610000 95.3
 962  9620000 116.7
 963  9630000 113.7
 964  9640000 136.7
 965  9650000 271.0
 966  9660000 136.3
 967  9670000 331.3
 968  9680000 115.0
 969  9690000 121.7
 970  9700000 76.0
 971  9710000 60.3
 972  9720000 262.0
 973  9730000 75.0
 974  9740000 229.0
 975  9750000 238.7
 976  9760000 98.3
 977  9770000 140.0
 978  9780000 219.0
 979  9790000 177.7
 980  9800000 56.0
 981  9810000 31.3
 982  9820000 69.7
 983  9830000 80.7
 984  9840000 54.3
 985  9850000 65.0
 986  9860000 200.3
 987  9870000 149.7
 988  9880000 209.0
 989  9890000 254.0
 990  9900000 127.7
 991  9910000 8.0
 992  9920000 9.0
 993  9930000 10.3
 994  9940000 9.0
 995  9950000 156.3
 996  9960000 175.7
 997  9970000 26.7
 998  9980000 131.3
 999  9990000 280.3
1000 10000000 141.7
1001 10010000 78.7
1002 10020000 43.0
1003 10030000 45.3
1004 10040000 131.3
1005 10050000 29.3
1006 10060000 22.7
1007 10070000 140.0
1008 10080000 57.7
1009 10090000 118.7
1010 10100000 212.0
1011 10110000 119.3
1012 10120000 75.3
1013 10130000 148.0
1014 10140000 151.0
1015 10150000 49.3
1016 10160000 31.3
1017 10170000 9.0
1018 10180000 9.0
1019 10190000 133.3
1020 10200000 209.0
1021 10210000 87.7
1022 10220000 127.3
1023 10230000 45.7
1024 10240000 137.3
1025 10250000 283.3
1026 10260000 112.3
1027 10270000 65.0
1028 10280000 162.7
1029 10290000 159.3
1030 10300000 266.7
1031 10310000 36.3
1032 10320000 226.7
1033 10330000 9.0
1034 10340000 154.7
1035 10350000 237.7
1036 10360000 41.0
1037 10370000 19.7
1038 10380000 166.3
1039 10390000 96.0
1040 10400000 163.0
1041 10410000 44.3
1042 10420000 71.0
1043 10430000 72.7
1044 10440000 38.7
1045 10450000 44.0
1046 10460000 92.0
1047 10470000 25.0
1048 10480000 205.0
1049 10490000 166.3
1050 10500000 175.3
1051 10510000 125.7
1052 10520000 168.7
1053 10530000 136.7
1054 10540000 25.3
1055 10550000 147.0
1056 10560000 219.0
1057 10570000 45.3
1058 10580000 121.7
1059 10590000 146.3
1060 10600000 76.3
1061 10610000 61.7
1062 10620000 187.3
1063 10630000 10.3
1064 10640000 136.7
1065 10650000 109.3
1066 10660000 157.7
1067 10670000 225.0
   0        0 86.3
   1    10000 176.3
   2    20000 38.0
   3    30000 58.7
   4    40000 31.3
   5    50000 146.3
   6    60000 144.0
   7    70000 259.3
   8    80000 37.3
   9    90000 247.3
  10   100000 135.0
  11   110000 163.7
  12   120000 121.3
  13   130000 52.0
  14   140000 182.0
  15   150000 63.3
  16   160000 119.3
  17   170000 211.0
  18   180000 166.3
  19   190000 61.3
  20   200000 133.0
  21   210000 291.7
  22   220000 31.7
  23   230000 115.0
  24   240000 211.3
  25   250000 130.3
  26   260000 24.7
  27   270000 163.0
  28   280000 273.3
  29   290000 65.3
  30   300000 104.7
  31   310000 265.3
  32   320000 248.0
  33   330000 70.3
  34   340000 168.7
  35   350000 88.3
  36   360000 137.7
  37   370000 266.7
  38   380000 74.3
  39   390000 128.7
  40   400000 215.7
  41   410000 48.7
  42   420000 83.0
  43   430000 86.3
  44   440000 70.7
  45   450000 154.3
  46   460000 78.3
  47   470000 74.0
  48   480000 46.7
  49   490000 145.7
  50   500000 97.3
  51   510000 45.3
  52   520000 157.3
  53   530000 60.0
  54   540000 332.0
  55   550000 134.0
  56   560000 105.7
  57   570000 33.7
  58   580000 135.0
  59   590000 198.0
  60   600000 47.3
  61   610000 73.3
  62   620000 52.7
  63   630000 31.0
  64   640000 181.0
  65   650000 68.0
  66   660000 270.7
  67   670000 156.7
  68   680000 140.3
  69   690000 55.7
  70   700000 144.7
  71   710000 149.7
  72   720000 31.0
  73   730000 211.0
  74   740000 110.7
  75   750000 135.0
  76   760000 76.0
  77   770000 152.7
  78   780000 298.7
  79   790000 267.7
  80   800000 73.3
  81   810000 160.0
  82   820000 142.3
  83   830000 15.0
  84   840000 174.7
  85   850000 179.7
  86   860000 168.0
  87   870000 64.0
  88   880000 152.3
  89   890000 43.3
  90   900000 97.3
  91   910000 223.7
  92   920000 52.7
  93   930000 129.7
  94   940000 251.7
  95   950000 69.3
  96   960000 253.3
  97   970000 265.0
  98   980000 282.3
  99   990000 10.0
 100  1000000 68.3
 101  1010000 177.3
 102  1020000 253.7
 103  1030000 184.0
 104  1040000 236.7
 105  1050000 121.0
 106  1060000 153.7
 107  1070000 74.7
 108  1080000 37.7
 109  1090000 249.7
 110  1100000 64.0
 111  1110000 130.0
 112  1120000 141.7
 113  1130000 137.7
 114  1140000 118.3
 115  1150000 141.0
 116  1160000 139.3
 117  1170000 139.0
 118  1180000 50.3
 119  1190000 350.7
 120  1200000 11.7
 121  1210000 29.7
 122  1220000 169.0
 123  1230000 66.3
 124  1240000 65.3
 125  1250000 327.0
 126  1260000 75.7
 127  1270000 399.0
 128  1280000 173.0
 129  1290000 154.0
 130  1300000 60.3
 131  1310000 121.0
 132  1320000 357.3
 133  1330000 67.3
 134  1340000 269.3
 135  1350000 240.0
 136  1360000 121.0
 137  1370000 190.0
 138  1380000 39.3
 139  1390000 293.7
 140  1400000 76.0
 141  1410000 218.0
 142  1420000 47.7
 143  1430000 164.7
 144  1440000 120.3
 145  1450000 38.7
 146  1460000 36.3
 147  1470000 12.7
 148  1480000 13.0
 149  1490000 154.3
 150  1500000 97.7
 151  1510000 185.7
 152  1520000 145.7
 153  1530000 112.3
 154  1540000 103.3
 155  1550000 213.3
 156  1560000 198.7
 157  1570000 98.0
 158  1580000 94.3
 159  1590000 254.0
 160  1600000 131.0
 161  1610000 32.3
 162  1620000 150.0
 163  1630000 41.3
 164  1640000 164.7
 165  1650000 236.3
 166  1660000 37.3
 167  1670000 145.3
 168  1680000 63.7
 169  1690000 38.7
 170  1700000 100.3
 171  1710000 182.7
 172  1720000 95.0
 173  1730000 290.7
 174  1740000 42.7
 175  1750000 168.3
 176  1760000 83.0
 177  1770000 185.7
 178  1780000 178.3
 179  1790000 39.0
 180  1800000 187.3
 181  1810000 160.0
 182  1820000 225.0
 183  1830000 108.7
 184  1840000 55.3
 185  1850000 347.0
 186  1860000 211.0
 187  1870000 113.7
 188  1880000 151.7
 189  1890000 146.0
 190  1900000 137.0
 191  1910000 151.0
 192  1920000 196.3
 193  1930000 130.0
 194  1940000 206.0
 195  1950000 68.0
 196  1960000 101.0
 197  1970000 179.7
 198  1980000 63.3
 199  1990000 210.3
 200  2000000 134.0
 201  2010000 64.0
 202  2020000 117.7
 203  2030000 162.3
 204  2040000 158.0
 205  2050000 70.3
 206  2060000 134.3
 207  2070000 191.7
 208  2080000 381.0
 209  2090000 12.7
 210  2100000 102.0
 211  2110000 172.7
 212  2120000 48.7
 213  2130000 137.0
 214  2140000 195.7
 215  2150000 49.0
 216  2160000 218.0
 217  2170000 184.0
 218  2180000 209.0
 219  2190000 78.3
 220  2200000 44.0
 221  2210000 122.3
 222  2220000 187.0
 223  2230000 310.7
 224  2240000 136.7
 225  2250000 16.3
 226  2260000 142.3
 227  2270000 54.3
 228  2280000 151.0
 229  2290000 73.7
 230  2300000 60.0
 231  2310000 118.0
 232  2320000 51.0
 233  2330000 65.0
 234  2340000 120.0
 235  2350000 90.0
 236  2360000 94.0
 237  2370000 44.7
 238  2380000 157.0
 239  2390000 145.3
 240  2400000 151.7
 241  2410000 160.7
 242  2420000 171.7
 243  2430000 231.7
 244  2440000 136.3
 245  2450000 148.3
 246  2460000 97.3
 247  2470000 212.7
 248  2480000 28.3
 249  2490000 213.3
 250  2500000 133.3
 251  2510000 254.0
 252  2520000 355.7
 253  2530000 66.0
 254  2540000 38.0
 255  2550000 208.3
 256  2560000 119.3
 257  2570000 289.7
 258  2580000 108.3
 259  2590000 188.3
 260  2600000 169.3
 261  2610000 127.7
 262  2620000 176.0
 263  2630000 155.3
 264  2640000 154.0
 265  2650000 57.0
 266  2660000 56.0
 267  2670000 106.7
 268  2680000 205.0
 269  2690000 163.0
 270  2700000 251.3
 271  2710000 119.7
 272  2720000 146.3
 273  2730000 53.3
 274  2740000 166.0
 275  2750000 179.0
 276  2760000 76.0
 277  2770000 280.3
 278  2780000 34.7
 279  2790000 50.7
 280  2800000 272.0
 281  2810000 179.0
 282  2820000 111.0
 283  2830000 78.0
 284  2840000 44.0
 285  2850000 84.7
 286  2860000 53.0
 287  2870000 155.7
 288  2880000 56.3
 289  2890000 149.0
 290  2900000 222.3
 291  2910000 22.7
 292  2920000 158.0
 293  2930000 39.0
 294  2940000 152.0
 295  2950000 146.3
 296  2960000 219.3
 297  2970000 175.3
 298  2980000 157.7
 299  2990000 133.3
 300  3000000 111.0
 301  3010000 126.3
 302  3020000 42.0
 303  3030000 107.0
 304  3040000 104.0
 305  3050000 31.7
 306  3060000 244.3
 307  3070000 264.7
 308  3080000 20.3
 309  3090000 161.3
 310  3100000 117.0
 311  3110000 178.7
 312  3120000 39.3
 313  3130000 142.0
 314  3140000 227.0
 315  3150000 246.7
 316  3160000 214.7
 317  3170000 134.7
 318  3180000 152.3
 319  3190000 92.7
 320  3200000 107.3
 321  3210000 162.7
 322  3220000 45.7
 323  3230000 159.7
 324  3240000 237.0
 325  3250000 39.7
 326  3260000 153.0
 327  3270000 179.7
 328  3280000 82.7
 329  3290000 114.0
 330  3300000 203.7
 331  3310000 163.7
 332  3320000 94.0
 333  3330000 133.0
 334  3340000 130.7
 335  3350000 49.7
 336  3360000 112.3
 337  3370000 244.3
 338  3380000 245.3
 339  3390000 178.0
 340  3400000 119.0
 341  3410000 274.3
 342  3420000 250.3
 343  3430000 208.0
 344  3440000 133.0
 345  3450000 39.7
 346  3460000 37.7
 347  3470000 174.7
 348  3480000 131.7
 349  3490000 47.7
 350  3500000 229.7
 351  3510000 41.0
 352  3520000 138.7
 353  3530000 212.7
 354  3540000 55.0
 355  3550000 33.0
 356  3560000 207.7
 357  3570000 162.0
 358  3580000 152.3
 359  3590000 237.7
 360  3600000 40.0
 361  3610000 113.0
 362  3620000 237.3
 363  3630000 242.3
 364  3640000 65.0
 365  3650000 159.0
 366  3660000 47.7
 367  3670000 181.3
 368  3680000 10.7
 369  3690000 12.3
 370  3700000 301.7
 371  3710000 135.7
 372  3720000 44.7
 373  3730000 138.7
 374  3740000 68.0
 375  3750000 197.7
 376  3760000 138.3
 377  3770000 135.3
 378  3780000 160.7
 379  3790000 158.0
 380  3800000 130.3
 381  3810000 100.7
 382  3820000 91.7
 383  3830000 28.7
 384  3840000 75.0
 385  3850000 156.7
 386  3860000 128.7
 387  3870000 221.0
 388  3880000 69.3
 389  3890000 220.7
 390  3900000 160.3
 391  3910000 46.7
 392  3920000 214.3
 393  3930000 124.3
 394  3940000 150.0
 395  3950000 51.7
 396  3960000 38.7
 397  3970000 169.7
 398  3980000 237.0
 399  3990000 286.3
 400  4000000 134.3
 401  4010000 52.3
 402  4020000 167.7
 403  4030000 13.0
 404  4040000 49.7
 405  4050000 265.0
 406  4060000 32.0
 407  4070000 345.0
 408  4080000 67.0
 409  4090000 155.7
 410  4100000 62.0
 411  4110000 232.3
 412  4120000 197.0
 413  4130000 181.7
 414  4140000 187.0
 415  4150000 154.3
 416  4160000 194.7
 417  4170000 81.3
 418  4180000 132.3
 419  4190000 66.3
 420  4200000 267.3
 421  4210000 37.3
 422  4220000 32.0
 423  4230000 32.7
 424  4240000 53.7
 425  4250000 58.7
 426  4260000 305.3
 427  4270000 37.7
 428  4280000 203.3
 429  4290000 240.0
 430  4300000 153.7
 431  4310000 126.3
 432  4320000 61.7
 433  4330000 247.7
 434  4340000 111.7
 435  4350000 154.0
 436  4360000 204.7
 437  4370000 213.3
 438  4380000 218.7
 439  4390000 42.3
 440  4400000 244.3
 441  4410000 234.0
 442  4420000 53.7
 443  4430000 310.0
 444  4440000 157.0
 445  4450000 143.7
 446  4460000 137.3
 447  4470000 55.3
 448  4480000 208.0
 449  4490000 140.0
 450  4500000 190.0
 451  4510000 176.0
 452  4520000 169.3
 453  4530000 96.7
 454  4540000 35.7
 455  4550000 33.3
 456  4560000 55.3
 457  4570000 134.7
 458  4580000 42.3
 459  4590000 122.7
 460  4600000 65.3
 461  4610000 152.0
 462  4620000 77.3
 463  4630000 141.3
 464  4640000 164.7
 465  4650000 143.7
 466  4660000 172.7
 467  4670000 356.3
 468  4680000 153.3
 469  4690000 24.7
 470  4700000 45.3
 471  4710000 167.7
 472  4720000 13.0
 473  4730000 13.0
 474  4740000 68.7
 475  4750000 78.3
 476  4760000 185.0
 477  4770000 105.7
 478  4780000 77.7
 479  4790000 164.3
 480  4800000 226.7
 481  4810000 189.7
 482  4820000 43.3
 483  4830000 213.7
 484  4840000 39.7
 485  4850000 54.3
 486  4860000 281.0
 487  4870000 315.3
 488  4880000 171.3
 489  4890000 164.7
 490  4900000 249.0
 491  4910000 135.3
 492  4920000 69.0
 493  4930000 35.3
 494  4940000 256.3
 495  4950000 23.7
 496  4960000 42.3
 497  4970000 253.3
 498  4980000 195.7
 499  4990000 270.7
 500  5000000 77.0
 501  5010000 242.7
 502  5020000 71.3
 503  5030000 193.3
 504  5040000 54.0
 505  5050000 347.3
 506  5060000 302.3
 507  5070000 107.3
 508  5080000 280.3
 509  5090000 30.7
 510  5100000 151.3
 511  5110000 86.7
 512  5120000 147.7
 513  5130000 234.7
 514  5140000 253.3
 515  5150000 85.7
 516  5160000 228.0
 517  5170000 44.3
 518  5180000 110.7
 519  5190000 154.7
 520  5200000 106.0
 521  5210000 211.7
 522  5220000 117.3
 523  5230000 167.7
 524  5240000 251.0
 525  5250000 119.7
 526  5260000 286.0
 527  5270000 63.3
 528  5280000 247.7
 529  5290000 377.0
 530  5300000 341.7
 531  5310000 67.7
 532  5320000 46.7
 533  5330000 45.3
 534  5340000 196.3
 535  5350000 123.7
 536  5360000 134.7
 537  5370000 149.3
 538  5380000 132.3
 539  5390000 243.3
 540  5400000 11.0
 541  5410000 9.0
 542  5420000 146.3
 543  5430000 64.7
 544  5440000 208.3
 545  5450000 276.3
 546  5460000 165.3
 547  5470000 276.7
 548  5480000 251.0
 549  5490000 52.0
 550  5500000 158.3
 551  5510000 159.0
 552  5520000 228.7
 553  5530000 58.7
 554  5540000 230.7
 555  5550000 139.0
 556  5560000 232.7
 557  5570000 153.0
 558  5580000 251.0
 559  5590000 170.3
 560  5600000 301.7
 561  5610000 152.7
 562  5620000 60.3
 563  5630000 353.7
 564  5640000 153.7
 565  5650000 273.0
 566  5660000 28.0
 567  5670000 53.7
 568  5680000 216.0
 569  5690000 149.7
 570  5700000 237.7
 571  5710000 111.3
 572  5720000 341.3
 573  5730000 142.3
 574  5740000 54.3
 575  5750000 32.7
 576  5760000 158.3
 577  5770000 216.7
 578  5780000 164.0
 579  5790000 138.3
 580  5800000 161.7
 581  5810000 65.7
 582  5820000 76.0
 583  5830000 189.7
 584  5840000 196.0
 585  5850000 194.0
 586  5860000 48.7
 587  5870000 133.3
 588  5880000 145.7
 589  5890000 31.3
 590  5900000 131.3
 591  5910000 39.3
 592  5920000 105.7
 593  5930000 19.0
 594  5940000 25.7
 595  5950000 224.7
 596  5960000 168.7
 597  5970000 192.3
 598  5980000 294.3
 599  5990000 153.7
 600  6000000 342.7
 601  6010000 157.7
 602  6020000 188.7
 603  6030000 56.0
 604  6040000 58.3
 605  6050000 197.0
 606  6060000 181.0
 607  6070000 217.3
 608  6080000 171.0
 609  6090000 121.3
 610  6100000 140.3
 611  6110000 228.7
 612  6120000 35.3
 613  6130000 124.0
 614  6140000 160.0
 615  6150000 249.7
 616  6160000 139.3
 617  6170000 179.0
 618  6180000 40.7
 619  6190000 45.0
 620  6200000 164.3
 621  6210000 261.0
 622  6220000 83.3
 623  6230000 174.3
 624  6240000 171.7
 625  6250000 181.3
 626  6260000 38.7
 627  6270000 10.0
 628  6280000 9.7
 629  6290000 143.0
 630  6300000 132.7
 631  6310000 65.3
 632  6320000 242.0
 633  6330000 207.3
 634  6340000 175.3
 635  6350000 56.3
 636  6360000 32.0
 637  6370000 39.0
 638  6380000 126.7
 639  6390000 84.3
 640  6400000 85.0
 641  6410000 145.0
 642  6420000 43.3
 643  6430000 136.3
 644  6440000 48.0
 645  6450000 325.7
 646  6460000 278.7
 647  6470000 278.7
 648  6480000 99.7
 649  6490000 210.7
 650  6500000 112.7
 651  6510000 167.0
 652  6520000 9.7
 653  6530000 129.0
 654  6540000 149.0
 655  6550000 78.3
 656  6560000 9.0
 657  6570000 181.0
 658  6580000 322.7
 659  6590000 44.7
 660  6600000 15.3
 661  6610000 41.0
 662  6620000 81.0
 663  6630000 69.3
 664  6640000 156.0
 665  6650000 254.7
 666  6660000 70.0
 667  6670000 52.7
 668  6680000 208.3
 669  6690000 184.0
 670  6700000 147.7
 671  6710000 63.7
 672  6720000 40.0
 673  6730000 242.0
 674  6740000 123.0
 675  6750000 239.3
 676  6760000 49.7
 677  6770000 134.0
 678  6780000 112.7
 679  6790000 95.7
 680  6800000 128.3
 681  6810000 390.7
 682  6820000 11.0
 683  6830000 10.0
 684  6840000 302.7
 685  6850000 34.0
 686  6860000 175.0
 687  6870000 40.7
 688  6880000 143.7
 689  6890000 139.7
 690  6900000 26.3
 691  6910000 170.7
 692  6920000 300.3
 693  6930000 162.0
 694  6940000 180.0
 695  6950000 161.3
 696  6960000 205.0
 697  6970000 127.3
 698  6980000 166.3
 699  6990000 224.0
 700  7000000 219.7
 701  7010000 150.7
 702  7020000 103.7
 703  7030000 140.7
 704  7040000 243.7
 705  7050000 124.7
 706  7060000 148.3
 707  7070000 55.3
 708  7080000 172.7
 709  7090000 192.7
 710  7100000 134.0
 711  7110000 61.0
 712  7120000 50.3
 713  7130000 323.3
 714  7140000 113.0
 715  7150000 312.3
 716  7160000 142.0
 717  7170000 174.7
 718  7180000 145.3
 719  7190000 20.3
 720  7200000 58.3
 721  7210000 134.7
 722  7220000 9.0
 723  7230000 148.0
 724  7240000 20.7
 725  7250000 62.3
 726  7260000 36.3
 727  7270000 214.7
 728  7280000 113.0
 729  7290000 156.0
 730  7300000 368.7
 731  7310000 171.7
 732  7320000 54.0
 733  7330000 199.0
 734  7340000 29.3
 735  7350000 131.7
 736  7360000 275.7
 737  7370000 9.3
 738  7380000 9.3
 739  7390000 9.0
 740  7400000 149.7
 741  7410000 55.7
 742  7420000 120.0
 743  7430000 177.7
 744  7440000 163.7
 745  7450000 127.7
 746  7460000 166.3
 747  7470000 236.7
 748  7480000 90.3
 749  7490000 64.0
 750  7500000 83.0
 751  7510000 143.3
 752  7520000 343.0
 753  7530000 219.7
 754  7540000 391.7
 755  7550000 237.0
 756  7560000 163.7
 757  7570000 150.3
 758  7580000 308.0
 759  7590000 241.7
 760  7600000 182.3
 761  7610000 228.3
 762  7620000 147.3
 763  7630000 142.0
 764  7640000 143.3
 765  7650000 326.3
 766  7660000 192.7
 767  7670000 277.0
 768  7680000 140.3
 769  7690000 141.7
 770  7700000 229.7
 771  7710000 129.0
 772  7720000 157.3
 773  7730000 331.7
 774  7740000 224.0
 775  7750000 66.7
 776  7760000 163.0
 777  7770000 92.0
 778  7780000 227.3
 779  7790000 8.7
 780  7800000 12.0
 781  7810000 12.3
 782  7820000 170.3
 783  7830000 137.3
 784  7840000 50.3
 785  7850000 155.7
 786  7860000 57.3
 787  7870000 52.7
 788  7880000 194.7
 789  7890000 134.7
 790  7900000 133.0
 791  7910000 132.0
 792  7920000 66.0
 793  7930000 245.7
 794  7940000 245.0
 795  7950000 155.7
 796  7960000 84.3
 797  7970000 81.0
 798  7980000 92.0
 799  7990000 144.0
 800  8000000 220.0
 801  8010000 186.3
 802  8020000 137.7
 803  8030000 138.7
 804  8040000 251.3
 805  8050000 137.3
 806  8060000 298.7
 807  8070000 209.3
 808  8080000 148.3
 809  8090000 269.7
 810  8100000 184.0
 811  8110000 267.3
 812  8120000 209.0
 813  8130000 125.0
 814  8140000 155.3
 815  8150000 53.7
 816  8160000 93.3
 817  8170000 207.0
 818  8180000 176.7
 819  8190000 54.7
 820  8200000 344.7
 821  8210000 56.0
 822  8220000 250.0
 823  8230000 209.3
 824  8240000 174.0
 825  8250000 363.3
 826  8260000 273.0
 827  8270000 352.7
 828  8280000 147.7
 829  8290000 241.0
 830  8300000 140.7
 831  8310000 165.0
 832  8320000 148.0
 833  8330000 267.3
 834  8340000 45.7
 835  8350000 100.3
 836  8360000 30.0
 837  8370000 156.3
 838  8380000 130.0
 839  8390000 49.0
 840  8400000 267.3
 841  8410000 80.3
 842  8420000 241.0
 843  8430000 137.0
 844  8440000 273.3
 845  8450000 342.3
 846  8460000 149.3
 847  8470000 317.0
 848  8480000 282.7
 849  8490000 263.3
 850  8500000 255.7
 851  8510000 244.3
 852  8520000 188.3
 853  8530000 301.0
 854  8540000 278.3
 855  8550000 160.7
 856  8560000 128.0
 857  8570000 229.3
 858  8580000 152.0
 859  8590000 373.7
 860  8600000 53.7
 861  8610000 51.0
 862  8620000 149.3
 863  8630000 183.0
 864  8640000 284.7
 865  8650000 153.3
   0        0 214.7
   1    10000 142.0
   2    20000 242.3
   3    30000 271.3
   4    40000 182.0
   5    50000 173.7
   0        0 214.7
   1    10000 142.0
   2    20000 242.3
   3    30000 271.3
   4    40000 182.0
   5    50000 173.7
   6    60000 258.3
   7    70000 146.7
   8    80000 281.7
   9    90000 173.0
  10   100000 148.0
  11   110000 151.3
  12   120000 75.3
  13   130000 160.7
  14   140000 372.7
  15   150000 157.7
  16   160000 251.3
  17   170000 131.7
  18   180000 317.0
  19   190000 284.0
  20   200000 276.3
  21   210000 180.3
  22   220000 174.3
  23   230000 152.0
  24   240000 135.3
  25   250000 151.3
  26   260000 105.7
  27   270000 134.3
  28   280000 243.0
  29   290000 73.0
  30   300000 102.7
  31   310000 190.0
  32   320000 79.3
  33   330000 290.0
  34   340000 190.0
  35   350000 186.3
  36   360000 261.3
  37   370000 184.7
  38   380000 149.3
  39   390000 147.0
  40   400000 129.0
  41   410000 73.3
  42   420000 157.7
  43   430000 270.3
  44   440000 130.3
  45   450000 181.0
  46   460000 36.7
  47   470000 136.0
  48   480000 131.0
  49   490000 160.7
  50   500000 265.3
  51   510000 141.7
  52   520000 52.3
  53   530000 182.3
  54   540000 215.3
  55   550000 208.0
  56   560000 145.0
  57   570000 97.3
  58   580000 287.0
  59   590000 38.7
  60   600000 130.0
  61   610000 214.3
  62   620000 158.7
  63   630000 230.0
  64   640000 89.0
  65   650000 277.7
  66   660000 355.7
  67   670000 280.3
  68   680000 310.0
  69   690000 69.0
  70   700000 143.0
  71   710000 143.0
  72   720000 47.0
  73   730000 127.3
  74   740000 119.7
  75   750000 154.3
  76   760000 48.0
  77   770000 76.0
  78   780000 171.7
  79   790000 31.3
  80   800000 127.0
  81   810000 163.0
  82   820000 135.7
  83   830000 121.7
  84   840000 327.3
  85   850000 238.7
  86   860000 250.3
  87   870000 156.7
  88   880000 9.0
  89   890000 249.0
  90   900000 57.7
  91   910000 36.0
  92   920000 362.0
  93   930000 235.7
  94   940000 233.3
  95   950000 102.0
  96   960000 160.0
  97   970000 131.7
  98   980000 123.0
  99   990000 103.3
 100  1000000 214.0
 101  1010000 241.0
 102  1020000 118.0
 103  1030000 179.7
 104  1040000 183.0
 105  1050000 322.0
 106  1060000 183.3
 107  1070000 160.7
 108  1080000 255.3
 109  1090000 207.0
 110  1100000 66.7
 111  1110000 248.7
 112  1120000 166.3
 113  1130000 209.3
 114  1140000 63.3
 115  1150000 113.3
 116  1160000 108.3
 117  1170000 34.0
 118  1180000 196.7
 119  1190000 214.0
 120  1200000 20.3
 121  1210000 31.7
 122  1220000 9.0
 123  1230000 9.3
 124  1240000 9.0
 125  1250000 231.7
 126  1260000 37.0
 127  1270000 111.0
 128  1280000 145.3
 129  1290000 290.7
 130  1300000 351.3
 131  1310000 107.0
 132  1320000 155.0
 133  1330000 39.0
 134  1340000 166.3
 135  1350000 173.3
 136  1360000 244.0
 137  1370000 89.0
 138  1380000 30.7
 139  1390000 219.0
 140  1400000 167.7
 141  1410000 264.0
 142  1420000 70.0
 143  1430000 200.0
 144  1440000 9.0
 145  1450000 142.7
 146  1460000 104.3
 147  1470000 189.7
 148  1480000 145.3
 149  1490000 282.7
 150  1500000 154.7
 151  1510000 162.0
 152  1520000 150.7
 153  1530000 162.3
 154  1540000 282.7
 155  1550000 39.7
 156  1560000 157.7
 157  1570000 30.0
 158  1580000 187.7
 159  1590000 242.0
 160  1600000 29.0
 161  1610000 220.0
 162  1620000 50.3
 163  1630000 173.7
 164  1640000 68.7
 165  1650000 126.3
 166  1660000 294.0
 167  1670000 167.0
 168  1680000 368.7
 169  1690000 220.0
 170  1700000 97.7
 171  1710000 272.0
 172  1720000 254.7
 173  1730000 224.3
 174  1740000 240.0
 175  1750000 245.3
 176  1760000 111.3
 177  1770000 280.0
 178  1780000 55.0
 179  1790000 28.0
 180  1800000 215.0
 181  1810000 57.7
 182  1820000 160.3
 183  1830000 50.0
 184  1840000 204.7
 185  1850000 283.7
 186  1860000 229.3
 187  1870000 53.0
 188  1880000 171.0
 189  1890000 161.7
 190  1900000 158.3
 191  1910000 152.7
 192  1920000 97.0
 193  1930000 291.7
 194  1940000 293.7
 195  1950000 161.3
 196  1960000 160.7
 197  1970000 284.7
 198  1980000 32.7
 199  1990000 9.0
 200  2000000 142.7
 201  2010000 187.0
 202  2020000 51.3
 203  2030000 205.7
 204  2040000 154.7
 205  2050000 66.7
 206  2060000 188.3
 207  2070000 139.3
 208  2080000 87.3
 209  2090000 45.3
 210  2100000 54.7
 211  2110000 150.0
 212  2120000 149.0
 213  2130000 76.7
 214  2140000 9.0
 215  2150000 324.7
 216  2160000 163.7
 217  2170000 133.7
 218  2180000 189.3
 219  2190000 140.0
 220  2200000 155.0
 221  2210000 235.7
 222  2220000 242.7
 223  2230000 107.3
 224  2240000 232.7
 225  2250000 164.7
 226  2260000 231.0
 227  2270000 121.0
 228  2280000 9.0
 229  2290000 137.0
 230  2300000 174.3
 231  2310000 240.7
 232  2320000 41.3
 233  2330000 96.7
 234  2340000 159.7
 235  2350000 231.0
 236  2360000 187.7
 237  2370000 267.3
 238  2380000 150.3
 239  2390000 97.3
 240  2400000 76.7
 241  2410000 145.0
 242  2420000 146.3
 243  2430000 29.7
 244  2440000 62.0
 245  2450000 139.3
 246  2460000 40.3
 247  2470000 159.7
 248  2480000 360.0
 249  2490000 171.0
 250  2500000 145.0
 251  2510000 258.3
 252  2520000 219.3
 253  2530000 112.0
 254  2540000 143.3
 255  2550000 115.0
 256  2560000 273.3
 257  2570000 150.3
 258  2580000 48.7
 259  2590000 147.7
 260  2600000 44.0
 261  2610000 151.7
 262  2620000 174.7
 263  2630000 124.7
 264  2640000 147.0
 265  2650000 255.7
 266  2660000 168.7
 267  2670000 246.0
 268  2680000 83.3
 269  2690000 94.0
 270  2700000 270.7
 271  2710000 169.3
 272  2720000 141.3
 273  2730000 280.7
 274  2740000 218.7
 275  2750000 134.0
 276  2760000 155.0
 277  2770000 312.7
 278  2780000 58.0
 279  2790000 226.7
 280  2800000 48.3
 281  2810000 85.7
 282  2820000 260.7
 283  2830000 35.7
 284  2840000 42.0
 285  2850000 181.3
 286  2860000 258.7
 287  2870000 151.0
 288  2880000 110.7
 289  2890000 67.0
 290  2900000 155.7
 291  2910000 180.3
 292  2920000 107.7
 293  2930000 124.7
 294  2940000 160.0
 295  2950000 341.3
 296  2960000 91.7
 297  2970000 139.7
 298  2980000 35.0
 299  2990000 42.3
 300  3000000 57.7
 301  3010000 220.7
 302  3020000 78.0
 303  3030000 190.7
 304  3040000 158.3
 305  3050000 49.0
 306  3060000 105.3
 307  3070000 168.0
 308  3080000 44.0
 309  3090000 114.3
 310  3100000 67.0
 311  3110000 170.0
 312  3120000 117.7
 313  3130000 267.7
 314  3140000 173.3
 315  3150000 94.0
 316  3160000 253.3
 317  3170000 173.0
 318  3180000 146.0
 319  3190000 140.0
 320  3200000 214.0
 321  3210000 80.3
 322  3220000 142.7
 323  3230000 48.3
 324  3240000 63.3
 325  3250000 134.0
 326  3260000 49.3
 327  3270000 233.3
 328  3280000 146.0
 329  3290000 136.7
 330  3300000 271.0
 331  3310000 144.3
 332  3320000 132.0
 333  3330000 186.0
 334  3340000 61.3
 335  3350000 120.7
 336  3360000 35.3
 337  3370000 118.0
 338  3380000 218.3
 339  3390000 244.3
 340  3400000 292.7
 341  3410000 47.0
 342  3420000 149.0
 343  3430000 248.0
 344  3440000 50.0
 345  3450000 174.3
 346  3460000 237.7
 347  3470000 97.3
 348  3480000 206.7
 349  3490000 163.7
 350  3500000 75.3
 351  3510000 151.0
 352  3520000 51.0
 353  3530000 153.0
 354  3540000 70.3
 355  3550000 96.7
 356  3560000 200.3
 357  3570000 164.7
 358  3580000 27.0
 359  3590000 276.3
 360  3600000 225.7
 361  3610000 161.7
 362  3620000 145.0
 363  3630000 155.3
 364  3640000 156.0
 365  3650000 32.3
 366  3660000 95.0
 367  3670000 177.3
 368  3680000 134.3
 369  3690000 141.0
 370  3700000 233.7
 371  3710000 328.0
 372  3720000 165.3
 373  3730000 155.7
 374  3740000 143.3
 375  3750000 57.0
 376  3760000 147.3
 377  3770000 116.0
 378  3780000 250.7
 379  3790000 266.3
 380  3800000 154.7
 381  3810000 211.3
 382  3820000 244.3
 383  3830000 148.3
 384  3840000 57.0
 385  3850000 123.3
 386  3860000 150.7
 387  3870000 269.0
 388  3880000 183.0
 389  3890000 258.0
 390  3900000 248.7
 391  3910000 273.0
 392  3920000 247.0
 393  3930000 52.3
 394  3940000 175.7
 395  3950000 124.0
 396  3960000 279.0
 397  3970000 204.3
 398  3980000 9.0
 399  3990000 302.0
 400  4000000 177.7
 401  4010000 167.0
 402  4020000 44.0
 403  4030000 292.0
 404  4040000 255.7
 405  4050000 246.0
 406  4060000 143.3
 407  4070000 170.0
 408  4080000 42.7
 409  4090000 166.0
 410  4100000 133.3
 411  4110000 211.3
 412  4120000 155.3
 413  4130000 299.7
 414  4140000 169.0
 415  4150000 124.7
 416  4160000 163.7
 417  4170000 163.0
 418  4180000 225.3
 419  4190000 150.7
 420  4200000 61.0
 421  4210000 180.7
 422  4220000 64.3
 423  4230000 252.3
 424  4240000 66.7
 425  4250000 260.0
 426  4260000 9.0
 427  4270000 174.7
 428  4280000 390.3
 429  4290000 252.0
 430  4300000 143.0
 431  4310000 114.7
 432  4320000 23.3
 433  4330000 76.7
 434  4340000 140.3
 435  4350000 29.3
 436  4360000 157.0
 437  4370000 275.3
 438  4380000 231.3
 439  4390000 182.0
 440  4400000 178.7
 441  4410000 288.7
 442  4420000 48.7
 443  4430000 231.7
 444  4440000 136.3
 445  4450000 124.3
 446  4460000 145.0
 447  4470000 146.0
 448  4480000 165.7
 449  4490000 19.0
 450  4500000 177.0
 451  4510000 132.3
 452  4520000 133.0
 453  4530000 272.0
 454  4540000 57.7
 455  4550000 37.3
 456  4560000 72.0
 457  4570000 57.0
 458  4580000 64.0
 459  4590000 65.7
 460  4600000 42.0
 461  4610000 171.0
 462  4620000 251.3
 463  4630000 181.0
 464  4640000 202.3
 465  4650000 274.0
 466  4660000 138.7
 467  4670000 258.0
 468  4680000 46.0
 469  4690000 388.7
 470  4700000 244.3
 471  4710000 115.3
 472  4720000 9.0
 473  4730000 289.3
 474  4740000 183.7
 475  4750000 253.3
 476  4760000 76.0
 477  4770000 78.7
 478  4780000 162.7
 479  4790000 245.3
 480  4800000 148.3
 481  4810000 39.7
 482  4820000 61.3
 483  4830000 322.3
 484  4840000 136.3
 485  4850000 56.3
 486  4860000 253.3
 487  4870000 260.3
 488  4880000 371.7
 489  4890000 227.3
 490  4900000 143.0
 491  4910000 45.0
 492  4920000 61.3
 493  4930000 262.7
 494  4940000 362.7
 495  4950000 160.3
 496  4960000 178.7
 497  4970000 147.7
 498  4980000 265.7
 499  4990000 155.7
 500  5000000 158.7
 501  5010000 238.3
 502  5020000 42.7
 503  5030000 9.0
 504  5040000 294.3
 505  5050000 166.7
 506  5060000 257.3
 507  5070000 55.0
 508  5080000 257.7
 509  5090000 98.7
 510  5100000 60.0
 511  5110000 213.7
 512  5120000 50.3
 513  5130000 211.7
 514  5140000 148.7
 515  5150000 151.3
 516  5160000 34.0
 517  5170000 199.0
 518  5180000 159.0
 519  5190000 293.0
 520  5200000 169.3
 521  5210000 172.7
 522  5220000 349.3
 523  5230000 113.3
 524  5240000 143.0
 525  5250000 175.3
 526  5260000 244.0
 527  5270000 368.0
 528  5280000 160.0
 529  5290000 46.3
 530  5300000 131.3
 531  5310000 254.7
 532  5320000 366.0
 533  5330000 250.3
 534  5340000 168.3
 535  5350000 148.0
 536  5360000 274.3
 537  5370000 53.0
 538  5380000 57.7
 539  5390000 210.0
 540  5400000 171.3
 541  5410000 34.0
 542  5420000 117.3
 543  5430000 128.0
 544  5440000 144.7
 545  5450000 217.7
 546  5460000 261.3
 547  5470000 261.3
 548  5480000 9.0
 549  5490000 9.0
 550  5500000 9.0
 551  5510000 9.0
 552  5520000 46.0
 553  5530000 177.0
 554  5540000 98.0
 555  5550000 40.7
 556  5560000 61.3
 557  5570000 196.0
 558  5580000 126.7
 559  5590000 122.0
 560  5600000 101.7
 561  5610000 31.3
 562  5620000 50.3
 563  5630000 52.3
 564  5640000 111.0
 565  5650000 129.0
 566  5660000 279.0
 567  5670000 43.7
 568  5680000 247.0
 569  5690000 265.7
 570  5700000 52.3
 571  5710000 160.0
 572  5720000 227.7
 573  5730000 166.3
 574  5740000 168.0
 575  5750000 322.7
 576  5760000 139.3
 577  5770000 42.3
 578  5780000 282.0
 579  5790000 253.3
 580  5800000 159.7
 581  5810000 266.0
 582  5820000 340.3
 583  5830000 158.0
 584  5840000 213.0
 585  5850000 246.7
 586  5860000 182.0
 587  5870000 161.3
 588  5880000 138.3
 589  5890000 9.0
 590  5900000 199.7
 591  5910000 9.0
 592  5920000 164.3
 593  5930000 46.3
 594  5940000 22.3
 595  5950000 70.0
 596  5960000 372.3
 597  5970000 173.7
 598  5980000 253.3
 599  5990000 139.0
 600  6000000 70.3
 601  6010000 318.0
 602  6020000 159.0
 603  6030000 72.0
 604  6040000 269.3
 605  6050000 245.0
 606  6060000 52.0
 607  6070000 118.0
 608  6080000 152.7
 609  6090000 199.3
 610  6100000 39.0
 611  6110000 61.0
 612  6120000 162.0
 613  6130000 37.3
 614  6140000 274.3
 615  6150000 122.7
 616  6160000 26.3
 617  6170000 49.7
 618  6180000 139.7
 619  6190000 316.7
 620  6200000 71.3
 621  6210000 169.7
 622  6220000 215.7
 623  6230000 153.7
 624  6240000 108.3
 625  6250000 221.7
 626  6260000 9.0
 627  6270000 9.0
 628  6280000 42.3
 629  6290000 199.0
 630  6300000 211.3
 631  6310000 172.7
 632  6320000 168.3
 633  6330000 238.7
 634  6340000 168.7
 635  6350000 174.3
 636  6360000 281.0
 637  6370000 252.3
 638  6380000 79.3
 639  6390000 250.0
 640  6400000 259.7
 641  6410000 218.3
 642  6420000 49.0
 643  6430000 268.7
 644  6440000 243.3
 645  6450000 124.3
 646  6460000 38.3
 647  6470000 200.3
 648  6480000 217.3
 649  6490000 248.3
 650  6500000 55.3
 651  6510000 307.3
 652  6520000 250.3
 653  6530000 38.7
 654  6540000 153.0
 655  6550000 149.7
 656  6560000 116.0
 657  6570000 167.0
 658  6580000 295.0
 659  6590000 160.7
 660  6600000 86.0
 661  6610000 82.0
 662  6620000 97.7
 663  6630000 287.7
 664  6640000 153.3
 665  6650000 149.7
 666  6660000 141.7
 667  6670000 161.3
 668  6680000 242.0
 669  6690000 180.3
 670  6700000 270.0
 671  6710000 192.3
 672  6720000 288.3
 673  6730000 227.3
 674  6740000 87.3
 675  6750000 143.3
 676  6760000 167.0
 677  6770000 49.7
 678  6780000 137.0
 679  6790000 255.0
 680  6800000 378.7
 681  6810000 156.7
 682  6820000 98.7
 683  6830000 397.0
 684  6840000 181.0
 685  6850000 258.0
 686  6860000 233.7
 687  6870000 247.3
 688  6880000 202.0
 689  6890000 256.3
 690  6900000 38.3
 691  6910000 99.0
 692  6920000 159.3
 693  6930000 285.0
 694  6940000 211.0
 695  6950000 171.3
 696  6960000 328.0
 697  6970000 143.7
 698  6980000 170.7
 699  6990000 287.3
 700  7000000 9.0
 701  7010000 148.3
 702  7020000 142.3
 703  7030000 142.7
 704  7040000 122.3
 705  7050000 144.7
 706  7060000 48.3
 707  7070000 150.3
 708  7080000 275.0
 709  7090000 206.3
 710  7100000 131.3
 711  7110000 47.3
 712  7120000 334.3
 713  7130000 241.3
 714  7140000 40.0
