   0        0 1.0
   1    10000 1.7
   2    20000 1.7
   3    30000 0.7
   4    40000 1.3
   5    50000 0.7
   6    60000 5.7
   7    70000 3.3
   8    80000 8.3
   9    90000 3.0
  10   100000 0.7
  11   110000 4.0
  12   120000 8.0
  13   130000 6.3
  14   140000 9.7
  15   150000 11.0
  16   160000 10.0
  17   170000 11.3
  18   180000 9.7
  19   190000 8.0
  20   200000 7.7
  21   210000 8.7
  22   220000 10.3
  23   230000 10.7
  24   240000 15.0
  25   250000 10.7
  26   260000 13.3
  27   270000 11.0
  28   280000 12.3
  29   290000 8.7
  30   300000 10.3
  31   310000 15.7
  32   320000 14.7
  33   330000 11.7
  34   340000 18.7
  35   350000 12.0
  36   360000 15.0
  37   370000 11.7
  38   380000 11.3
  39   390000 15.7
  40   400000 9.7
  41   410000 10.3
  42   420000 13.3
  43   430000 22.7
  44   440000 15.0
  45   450000 12.0
  46   460000 9.7
  47   470000 15.3
  48   480000 8.7
  49   490000 8.3
  50   500000 18.3
  51   510000 15.7
  52   520000 13.7
  53   530000 19.7
  54   540000 9.7
  55   550000 12.0
  56   560000 17.0
  57   570000 15.7
  58   580000 22.7
  59   590000 16.3
  60   600000 15.3
  61   610000 22.0
  62   620000 22.0
  63   630000 14.0
  64   640000 27.0
  65   650000 15.3
  66   660000 21.0
  67   670000 21.7
  68   680000 31.3
  69   690000 22.3
  70   700000 17.0
  71   710000 30.7
  72   720000 30.7
  73   730000 24.7
  74   740000 38.7
  75   750000 27.0
  76   760000 29.0
  77   770000 24.0
  78   780000 25.3
  79   790000 22.0
  80   800000 27.3
  81   810000 21.0
  82   820000 35.3
  83   830000 33.7
  84   840000 17.7
  85   850000 23.7
  86   860000 31.0
  87   870000 40.7
  88   880000 33.0
  89   890000 28.0
  90   900000 30.0
  91   910000 37.3
  92   920000 26.0
  93   930000 24.7
  94   940000 34.0
  95   950000 35.0
  96   960000 36.3
  97   970000 30.3
  98   980000 27.0
  99   990000 38.7
 100  1000000 25.3
 101  1010000 34.3
 102  1020000 41.3
 103  1030000 32.7
 104  1040000 9.3
 105  1050000 20.0
 106  1060000 38.0
 107  1070000 48.0
 108  1080000 26.0
 109  1090000 39.0
 110  1100000 20.0
 111  1110000 25.0
 112  1120000 21.0
 113  1130000 50.0
 114  1140000 25.0
 115  1150000 17.0
 116  1160000 11.0
 117  1170000 49.0
 118  1180000 14.0
 119  1190000 25.0
 120  1200000 49.0
 121  1210000 27.0
 122  1220000 27.0
 123  1230000 27.0
 124  1240000 37.0
 125  1250000 14.0
 126  1260000 35.0
 127  1270000 33.0
 128  1280000 40.0
 129  1290000 29.0
 130  1300000 33.0
 131  1310000 38.0
 132  1320000 54.0
 133  1330000 57.0
 134  1340000 33.0
 135  1350000 30.0
 136  1360000 36.0
 137  1370000 15.0
 138  1380000 20.0
 139  1390000 18.0
 140  1400000 39.0
 141  1410000 60.0
 142  1420000 23.0
 143  1430000 22.0
 144  1440000 27.0
 145  1450000 45.0
 146  1460000 56.0
 147  1470000 38.0
 148  1480000 14.0
 149  1490000 30.0
 150  1500000 31.0
 151  1510000 82.0
 152  1520000 21.0
 153  1530000 36.0
 154  1540000 35.0
 155  1550000 24.0
 156  1560000 39.0
 157  1570000 31.0
 158  1580000 39.0
 159  1590000 35.0
 160  1600000 25.0
 161  1610000 42.0
 162  1620000 41.0
 163  1630000 60.0
 164  1640000 42.0
 165  1650000 59.0
 166  1660000 20.0
 167  1670000 25.0
 168  1680000 23.0
 169  1690000 19.0
 170  1700000 24.0
 171  1710000 28.0
 172  1720000 41.0
 173  1730000 45.0
 174  1740000 27.0
 175  1750000 22.0
 176  1760000 33.0
 177  1770000 32.0
 178  1780000 28.0
 179  1790000 93.0
 180  1800000 20.0
 181  1810000 21.0
 182  1820000 46.0
 183  1830000 27.0
 184  1840000 28.0
 185  1850000 25.0
 186  1860000 33.0
 187  1870000 37.0
 188  1880000 48.0
 189  1890000 17.0
 190  1900000 18.0
 191  1910000 13.0
 192  1920000 33.0
 193  1930000 60.0
 194  1940000 49.0
 195  1950000 31.0
 196  1960000 49.0
 197  1970000 11.0
 198  1980000 65.0
 199  1990000 38.0
 200  2000000 28.0
 201  2010000 28.0
 202  2020000 31.0
 203  2030000 38.0
 204  2040000 30.0
 205  2050000 15.0
 206  2060000 30.0
 207  2070000 32.0
 208  2080000 25.0
 209  2090000 45.0
 210  2100000 22.0
 211  2110000 34.0
 212  2120000 29.0
 213  2130000 11.0
 214  2140000 22.0
 215  2150000 20.0
 216  2160000 12.0
 217  2170000 21.0
 218  2180000 38.0
 219  2190000 37.0
 220  2200000 13.0
 221  2210000 55.0
 222  2220000 53.0
 223  2230000 25.0
 224  2240000 37.0
 225  2250000 33.0
 226  2260000 60.0
 227  2270000 37.0
 228  2280000 32.0
 229  2290000 34.0
 230  2300000 30.0
 231  2310000 35.0
 232  2320000 31.0
 233  2330000 34.0
 234  2340000 22.0
 235  2350000 32.0
 236  2360000 35.0
 237  2370000 32.0
 238  2380000 60.0
 239  2390000 53.0
 240  2400000 23.0
 241  2410000 46.0
 242  2420000 81.0
 243  2430000 17.0
 244  2440000 51.0
 245  2450000 13.0
 246  2460000 19.0
 247  2470000 31.0
 248  2480000 18.0
 249  2490000 27.0
 250  2500000 27.0
 251  2510000 20.0
 252  2520000 67.0
 253  2530000 35.0
 254  2540000 52.0
 255  2550000 32.0
 256  2560000 32.0
 257  2570000 34.0
 258  2580000 32.0
 259  2590000 75.0
 260  2600000 12.0
 261  2610000 28.0
 262  2620000 258.0
 263  2630000 29.0
 264  2640000 28.0
 265  2650000 27.0
 266  2660000 19.0
 267  2670000 42.0
 268  2680000 38.0
 269  2690000 28.0
 270  2700000 29.0
 271  2710000 30.0
 272  2720000 27.0
 273  2730000 29.0
 274  2740000 14.0
 275  2750000 11.0
 276  2760000 30.0
 277  2770000 7.0
 278  2780000 7.0
 279  2790000 12.0
 280  2800000 26.0
 281  2810000 46.0
 282  2820000 60.0
 283  2830000 36.0
 284  2840000 55.0
 285  2850000 34.0
 286  2860000 24.0
 287  2870000 24.0
 288  2880000 11.0
 289  2890000 69.0
 290  2900000 92.0
 291  2910000 10.0
 292  2920000 64.0
 293  2930000 14.0
 294  2940000 50.0
 295  2950000 42.0
 296  2960000 42.0
 297  2970000 68.0
 298  2980000 35.0
 299  2990000 40.0
 300  3000000 22.0
 301  3010000 31.0
 302  3020000 41.0
 303  3030000 40.0
 304  3040000 39.0
 305  3050000 40.0
 306  3060000 34.0
 307  3070000 21.0
 308  3080000 69.0
 309  3090000 36.0
 310  3100000 25.0
 311  3110000 53.0
 312  3120000 72.0
 313  3130000 185.0
 314  3140000 39.0
 315  3150000 18.0
 316  3160000 41.0
 317  3170000 40.0
 318  3180000 73.0
 319  3190000 50.0
 320  3200000 74.0
 321  3210000 62.0
 322  3220000 32.0
 323  3230000 58.0
 324  3240000 15.0
 325  3250000 12.0
 326  3260000 15.0
 327  3270000 12.0
 328  3280000 23.0
 329  3290000 23.0
 330  3300000 69.0
 331  3310000 46.0
 332  3320000 22.0
 333  3330000 57.0
 334  3340000 20.0
 335  3350000 47.0
 336  3360000 37.0
 337  3370000 52.0
 338  3380000 34.0
 339  3390000 42.0
 340  3400000 37.0
 341  3410000 36.0
 342  3420000 19.0
 343  3430000 43.0
 344  3440000 83.0
 345  3450000 35.0
 346  3460000 58.0
 347  3470000 31.0
 348  3480000 20.0
 349  3490000 13.0
 350  3500000 69.0
 351  3510000 26.0
 352  3520000 40.0
 353  3530000 66.0
 354  3540000 116.0
 355  3550000 24.0
 356  3560000 37.0
 357  3570000 14.0
 358  3580000 74.0
 359  3590000 25.0
 360  3600000 10.0
 361  3610000 29.0
 362  3620000 54.0
 363  3630000 60.0
 364  3640000 54.0
 365  3650000 15.0
 366  3660000 53.0
 367  3670000 33.0
 368  3680000 202.0
 369  3690000 33.0
 370  3700000 26.0
 371  3710000 40.0
 372  3720000 44.0
 373  3730000 29.0
 374  3740000 71.0
 375  3750000 20.0
 376  3760000 29.0
 377  3770000 44.0
 378  3780000 35.0
 379  3790000 26.0
 380  3800000 85.0
 381  3810000 85.0
 382  3820000 53.0
 383  3830000 40.0
 384  3840000 34.0
 385  3850000 48.0
 386  3860000 42.0
 387  3870000 43.0
 388  3880000 42.0
 389  3890000 45.0
 390  3900000 65.0
 391  3910000 46.0
 392  3920000 55.0
 393  3930000 44.0
 394  3940000 42.0
 395  3950000 20.0
 396  3960000 41.0
 397  3970000 23.0
 398  3980000 21.0
 399  3990000 44.0
 400  4000000 51.0
 401  4010000 43.0
 402  4020000 281.0
 403  4030000 48.0
 404  4040000 19.0
 405  4050000 97.0
 406  4060000 44.0
 407  4070000 25.0
 408  4080000 123.0
 409  4090000 23.0
 410  4100000 52.0
 411  4110000 36.0
 412  4120000 36.0
 413  4130000 93.0
 414  4140000 20.0
 415  4150000 86.0
 416  4160000 16.0
 417  4170000 56.0
 418  4180000 51.0
 419  4190000 20.0
 420  4200000 55.0
 421  4210000 30.0
 422  4220000 7.0
 423  4230000 47.0
 424  4240000 117.0
 425  4250000 46.0
 426  4260000 9.0
 427  4270000 21.0
 428  4280000 42.0
 429  4290000 35.0
 430  4300000 20.0
 431  4310000 46.0
 432  4320000 43.0
 433  4330000 60.0
 434  4340000 12.0
 435  4350000 9.0
 436  4360000 16.0
 437  4370000 22.0
 438  4380000 57.0
 439  4390000 22.0
 440  4400000 23.0
 441  4410000 61.0
 442  4420000 20.0
 443  4430000 71.0
 444  4440000 90.0
 445  4450000 45.0
 446  4460000 48.0
 447  4470000 56.0
 448  4480000 71.0
 449  4490000 72.0
 450  4500000 29.0
 451  4510000 29.0
 452  4520000 44.0
 453  4530000 46.0
 454  4540000 41.0
 455  4550000 75.0
 456  4560000 82.0
 457  4570000 41.0
 458  4580000 33.0
 459  4590000 54.0
 460  4600000 34.0
 461  4610000 52.0
 462  4620000 75.0
 463  4630000 102.0
 464  4640000 222.0
 465  4650000 41.0
 466  4660000 27.0
 467  4670000 79.0
 468  4680000 160.0
 469  4690000 52.0
 470  4700000 256.0
 471  4710000 46.0
 472  4720000 27.0
 473  4730000 41.0
 474  4740000 276.0
 475  4750000 50.0
 476  4760000 67.0
 477  4770000 60.0
 478  4780000 288.0
 479  4790000 37.0
 480  4800000 87.0
 481  4810000 29.0
 482  4820000 28.0
 483  4830000 31.0
 484  4840000 45.0
 485  4850000 59.0
 486  4860000 47.0
 487  4870000 283.0
 488  4880000 102.0
 489  4890000 67.0
 490  4900000 75.0
 491  4910000 54.0
 492  4920000 153.0
 493  4930000 266.0
 494  4940000 12.0
 495  4950000 24.0
 496  4960000 15.0
 497  4970000 11.0
 498  4980000 41.0
 499  4990000 167.0
 500  5000000 6.0
 501  5010000 21.0
 502  5020000 48.0
 503  5030000 117.0
 504  5040000 86.0
 505  5050000 78.0
 506  5060000 87.0
 507  5070000 48.0
 508  5080000 86.0
 509  5090000 48.0
 510  5100000 76.0
 511  5110000 42.0
 512  5120000 96.0
 513  5130000 64.0
 514  5140000 55.0
 515  5150000 51.0
 516  5160000 156.0
 517  5170000 58.0
 518  5180000 22.0
 519  5190000 24.0
 520  5200000 41.0
 521  5210000 2.0
 522  5220000 94.0
 523  5230000 22.0
 524  5240000 12.0
 525  5250000 5.0
 526  5260000 96.0
 527  5270000 118.0
 528  5280000 44.0
 529  5290000 185.0
 530  5300000 38.0
 531  5310000 218.0
 532  5320000 46.0
 533  5330000 0.0
 534  5340000 19.0
 535  5350000 64.0
 536  5360000 32.0
 537  5370000 16.0
 538  5380000 32.0
 539  5390000 15.0
 540  5400000 48.0
 541  5410000 25.0
 542  5420000 15.0
 543  5430000 14.0
 544  5440000 7.0
 545  5450000 72.0
 546  5460000 20.0
 547  5470000 27.0
 548  5480000 31.0
 549  5490000 31.0
 550  5500000 56.0
 551  5510000 50.0
 552  5520000 25.0
 553  5530000 122.0
 554  5540000 78.0
 555  5550000 54.0
 556  5560000 31.0
 557  5570000 168.0
 558  5580000 88.0
 559  5590000 54.0
 560  5600000 237.0
 561  5610000 27.0
 562  5620000 270.0
 563  5630000 53.0
 564  5640000 43.0
 565  5650000 21.0
 566  5660000 101.0
 567  5670000 36.0
 568  5680000 34.0
 569  5690000 69.0
 570  5700000 27.0
 571  5710000 52.0
 572  5720000 73.0
 573  5730000 63.0
 574  5740000 83.0
 575  5750000 32.0
 576  5760000 30.0
 577  5770000 228.0
 578  5780000 85.0
 579  5790000 32.0
 580  5800000 91.0
 581  5810000 122.0
 582  5820000 79.0
 583  5830000 98.0
 584  5840000 72.0
 585  5850000 59.0
 586  5860000 247.0
 587  5870000 172.0
 588  5880000 86.0
 589  5890000 107.0
 590  5900000 39.0
 591  5910000 57.0
 592  5920000 77.0
 593  5930000 25.0
 594  5940000 17.0
 595  5950000 43.0
 596  5960000 60.0
 597  5970000 94.0
 598  5980000 78.0
 599  5990000 122.0
   0        0 122.0
   1    10000 122.0
   2    20000 122.0
   3    30000 122.0
   4    40000 122.0
   5    50000 122.0
   6    60000 44.0
   7    70000 145.0
   8    80000 160.0
   9    90000 176.0
  10   100000 47.0
  11   110000 68.0
  12   120000 58.0
  13   130000 106.0
  14   140000 80.0
  15   150000 54.0
  16   160000 90.0
  17   170000 87.0
  18   180000 147.0
  19   190000 268.0
  20   200000 207.0
  21   210000 6.0
  22   220000 35.0
  23   230000 35.0
  24   240000 61.0
  25   250000 165.0
  26   260000 259.0
  27   270000 108.0
  28   280000 69.0
  29   290000 89.0
  30   300000 77.0
  31   310000 61.0
  32   320000 259.0
  33   330000 144.0
  34   340000 200.0
  35   350000 190.0
  36   360000 254.0
  37   370000 40.0
  38   380000 32.0
  39   390000 162.0
  40   400000 99.0
  41   410000 210.0
  42   420000 69.0
  43   430000 280.0
  44   440000 88.0
  45   450000 78.0
  46   460000 272.0
  47   470000 47.0
  48   480000 69.0
  49   490000 84.0
  50   500000 118.0
  51   510000 222.0
  52   520000 322.0
  53   530000 192.0
  54   540000 35.0
  55   550000 117.0
  56   560000 25.0
  57   570000 17.0
  58   580000 14.0
  59   590000 45.0
  60   600000 12.0
  61   610000 151.0
  62   620000 113.0
  63   630000 323.0
  64   640000 52.0
  65   650000 66.0
  66   660000 354.0
  67   670000 214.0
  68   680000 247.0
  69   690000 163.0
  70   700000 78.0
  71   710000 339.0
   0        0 21.3
   1    10000 30.0
   2    20000 6.3
   3    30000 31.7
   4    40000 7.7
   5    50000 9.3
   6    60000 14.0
   7    70000 10.3
   8    80000 16.3
   9    90000 62.0
  10   100000 30.7
  11   110000 50.3
  12   120000 43.3
  13   130000 36.3
  14   140000 33.3
  15   150000 41.3
  16   160000 13.3
  17   170000 43.3
  18   180000 37.3
  19   190000 43.3
  20   200000 34.7
  21   210000 29.7
  22   220000 39.3
  23   230000 22.0
  24   240000 23.3
  25   250000 26.7
  26   260000 23.7
  27   270000 33.0
  28   280000 28.7
  29   290000 4.7
  30   300000 25.7
  31   310000 31.0
  32   320000 34.7
  33   330000 13.3
  34   340000 40.7
  35   350000 68.7
  36   360000 54.0
  37   370000 79.0
  38   380000 42.3
  39   390000 42.0
  40   400000 26.7
  41   410000 25.3
  42   420000 14.3
  43   430000 34.7
  44   440000 19.7
  45   450000 25.3
  46   460000 15.7
  47   470000 21.7
  48   480000 38.3
  49   490000 38.0
  50   500000 12.7
  51   510000 25.3
  52   520000 32.3
  53   530000 24.3
  54   540000 29.7
  55   550000 15.7
  56   560000 18.7
  57   570000 22.0
  58   580000 21.7
  59   590000 24.3
  60   600000 30.3
  61   610000 43.0
  62   620000 26.7
  63   630000 28.3
  64   640000 37.0
  65   650000 35.0
  66   660000 34.3
  67   670000 47.7
  68   680000 22.3
  69   690000 19.3
  70   700000 25.0
  71   710000 15.3
  72   720000 24.7
  73   730000 40.3
  74   740000 25.0
  75   750000 24.0
  76   760000 32.3
  77   770000 18.0
  78   780000 15.7
  79   790000 24.3
  80   800000 35.0
  81   810000 88.0
  82   820000 41.3
  83   830000 40.0
  84   840000 43.3
  85   850000 7.0
  86   860000 13.0
  87   870000 6.3
  88   880000 28.3
  89   890000 26.3
  90   900000 17.3
  91   910000 59.3
  92   920000 18.0
  93   930000 10.0
  94   940000 34.7
  95   950000 29.3
  96   960000 18.0
  97   970000 32.0
  98   980000 25.3
  99   990000 15.3
 100  1000000 24.0
 101  1010000 69.0
 102  1020000 149.7
 103  1030000 18.7
 104  1040000 30.3
 105  1050000 18.0
 106  1060000 60.0
 107  1070000 16.7
 108  1080000 26.7
 109  1090000 72.0
 110  1100000 31.0
 111  1110000 14.7
 112  1120000 7.7
 113  1130000 24.7
 114  1140000 101.3
 115  1150000 18.3
 116  1160000 23.3
 117  1170000 19.7
 118  1180000 39.7
 119  1190000 37.3
 120  1200000 54.3
 121  1210000 54.3
 122  1220000 30.0
 123  1230000 48.0
 124  1240000 21.0
 125  1250000 26.7
 126  1260000 21.0
 127  1270000 14.0
 128  1280000 97.7
 129  1290000 28.0
 130  1300000 30.3
 131  1310000 23.0
 132  1320000 13.3
 133  1330000 17.3
 134  1340000 24.0
 135  1350000 12.7
 136  1360000 29.7
 137  1370000 53.3
 138  1380000 29.0
 139  1390000 100.0
 140  1400000 26.0
 141  1410000 57.3
 142  1420000 41.7
 143  1430000 40.0
 144  1440000 38.7
 145  1450000 73.3
 146  1460000 79.3
 147  1470000 33.7
 148  1480000 67.3
 149  1490000 38.0
 150  1500000 27.7
 151  1510000 46.3
 152  1520000 104.7
 153  1530000 36.0
 154  1540000 32.7
 155  1550000 55.0
 156  1560000 53.0
 157  1570000 113.3
 158  1580000 23.7
 159  1590000 19.0
 160  1600000 24.3
 161  1610000 17.7
   0        0 254.0
   1    10000 254.0
   2    20000 254.0
   3    30000 254.0
   4    40000 254.0
   5    50000 254.0
   6    60000 27.0
   7    70000 67.0
   8    80000 39.0
   9    90000 133.0
  10   100000 96.0
  11   110000 78.0
  12   120000 123.0
  13   130000 273.0
  14   140000 30.0
  15   150000 348.0
  16   160000 133.0
  17   170000 306.0
  18   180000 75.0
  19   190000 268.0
  20   200000 198.0
  21   210000 290.0
  22   220000 203.0
  23   230000 195.0
  24   240000 330.0
  25   250000 318.0
  26   260000 46.0
  27   270000 44.0
  28   280000 222.0
  29   290000 66.0
  30   300000 321.0
  31   310000 51.0
  32   320000 11.0
  33   330000 68.0
  34   340000 85.0
  35   350000 50.0
  36   360000 318.0
  37   370000 273.0
  38   380000 105.0
  39   390000 71.0
  40   400000 275.0
  41   410000 55.0
  42   420000 347.0
  43   430000 110.0
  44   440000 88.0
  45   450000 73.0
  46   460000 340.0
  47   470000 18.0
  48   480000 245.0
  49   490000 266.0
  50   500000 317.0
  51   510000 50.0
  52   520000 154.0
  53   530000 354.0
  54   540000 111.0
  55   550000 56.0
  56   560000 20.0
  57   570000 145.0
  58   580000 69.0
  59   590000 369.0
  60   600000 54.0
  61   610000 96.0
  62   620000 304.0
  63   630000 18.0
  64   640000 55.0
  65   650000 104.0
  66   660000 66.0
  67   670000 42.0
  68   680000 327.0
  69   690000 364.0
  70   700000 68.0
  71   710000 15.0
  72   720000 29.0
  73   730000 20.0
  74   740000 13.0
  75   750000 67.0
  76   760000 42.0
  77   770000 45.0
  78   780000 96.0
  79   790000 72.0
  80   800000 287.0
  81   810000 225.0
  82   820000 352.0
  83   830000 20.0
  84   840000 346.0
  85   850000 296.0
  86   860000 300.0
  87   870000 37.0
  88   880000 88.0
  89   890000 257.0
  90   900000 57.0
  91   910000 23.0
  92   920000 173.0
  93   930000 263.0
  94   940000 359.0
  95   950000 48.0
  96   960000 208.0
  97   970000 180.0
  98   980000 95.0
  99   990000 48.0
 100  1000000 63.0
 101  1010000 25.0
 102  1020000 5.0
 103  1030000 103.0
 104  1040000 10.0
 105  1050000 389.0
 106  1060000 246.0
 107  1070000 24.0
 108  1080000 84.0
 109  1090000 54.0
 110  1100000 77.0
 111  1110000 42.0
 112  1120000 109.0
 113  1130000 59.0
 114  1140000 251.0
 115  1150000 97.0
 116  1160000 322.0
 117  1170000 26.0
 118  1180000 28.0
 119  1190000 22.0
 120  1200000 13.0
 121  1210000 11.0
 122  1220000 221.0
 123  1230000 383.0
 124  1240000 29.0
 125  1250000 232.0
 126  1260000 159.0
 127  1270000 315.0
 128  1280000 304.0
 129  1290000 351.0
 130  1300000 251.0
 131  1310000 22.0
 132  1320000 288.0
 133  1330000 112.0
 134  1340000 38.0
 135  1350000 42.0
 136  1360000 143.0
 137  1370000 268.0
 138  1380000 74.0
 139  1390000 365.0
 140  1400000 85.0
 141  1410000 348.0
 142  1420000 283.0
 143  1430000 26.0
 144  1440000 20.0
 145  1450000 24.0
 146  1460000 55.0
 147  1470000 57.0
 148  1480000 283.0
 149  1490000 235.0
 150  1500000 92.0
 151  1510000 224.0
 152  1520000 412.0
 153  1530000 45.0
 154  1540000 414.0
 155  1550000 52.0
 156  1560000 21.0
 157  1570000 244.0
 158  1580000 359.0
 159  1590000 37.0
 160  1600000 280.0
 161  1610000 312.0
 162  1620000 103.0
 163  1630000 58.0
 164  1640000 341.0
 165  1650000 365.0
 166  1660000 84.0
 167  1670000 325.0
 168  1680000 48.0
 169  1690000 28.0
 170  1700000 51.0
 171  1710000 23.0
 172  1720000 19.0
 173  1730000 45.0
 174  1740000 87.0
 175  1750000 281.0
 176  1760000 294.0
 177  1770000 86.0
 178  1780000 23.0
 179  1790000 235.0
 180  1800000 45.0
 181  1810000 358.0
 182  1820000 381.0
 183  1830000 369.0
 184  1840000 260.0
 185  1850000 13.0
 186  1860000 57.0
 187  1870000 106.0
 188  1880000 17.0
 189  1890000 234.0
 190  1900000 29.0
 191  1910000 73.0
 192  1920000 34.0
 193  1930000 55.0
 194  1940000 38.0
 195  1950000 320.0
 196  1960000 61.0
 197  1970000 194.0
 198  1980000 365.0
 199  1990000 24.0
 200  2000000 423.0
 201  2010000 105.0
 202  2020000 152.0
 203  2030000 379.0
 204  2040000 361.7
 205  2050000 105.0
 206  2060000 206.7
 207  2070000 107.0
 208  2080000 33.3
 209  2090000 22.3
 210  2100000 234.3
 211  2110000 61.7
 212  2120000 126.3
 213  2130000 93.0
 214  2140000 65.7
 215  2150000 233.3
 216  2160000 132.0
 217  2170000 118.0
 218  2180000 100.0
 219  2190000 55.3
 220  2200000 49.3
 221  2210000 69.0
 222  2220000 87.0
 223  2230000 354.7
 224  2240000 365.7
 225  2250000 292.0
 226  2260000 441.7
 227  2270000 327.7
 228  2280000 225.0
 229  2290000 354.3
 230  2300000 362.7
 231  2310000 232.7
 232  2320000 187.0
 233  2330000 66.3
 234  2340000 33.3
 235  2350000 26.7
 236  2360000 48.7
 237  2370000 13.3
 238  2380000 63.7
 239  2390000 71.7
 240  2400000 45.0
 241  2410000 108.0
 242  2420000 24.3
 243  2430000 35.3
 244  2440000 37.0
 245  2450000 336.7
 246  2460000 106.0
 247  2470000 366.0
 248  2480000 379.0
 249  2490000 358.3
 250  2500000 205.3
 251  2510000 317.7
 252  2520000 5.0
 253  2530000 325.7
 254  2540000 231.3
 255  2550000 263.0
 256  2560000 37.0
 257  2570000 60.0
 258  2580000 30.3
 259  2590000 28.7
 260  2600000 89.7
 261  2610000 249.0
 262  2620000 362.3
 263  2630000 65.7
 264  2640000 76.0
 265  2650000 40.0
 266  2660000 76.0
 267  2670000 29.7
 268  2680000 226.0
 269  2690000 145.7
 270  2700000 307.0
 271  2710000 95.7
 272  2720000 239.0
 273  2730000 370.7
 274  2740000 387.0
 275  2750000 266.7
 276  2760000 90.3
 277  2770000 345.7
 278  2780000 244.3
 279  2790000 108.7
 280  2800000 396.3
 281  2810000 352.0
 282  2820000 247.3
 283  2830000 124.3
 284  2840000 135.3
 285  2850000 107.3
 286  2860000 76.3
 287  2870000 141.7
 288  2880000 177.3
 289  2890000 155.0
 290  2900000 206.0
 291  2910000 151.3
 292  2920000 280.7
 293  2930000 140.0
 294  2940000 293.7
 295  2950000 31.7
 296  2960000 343.3
 297  2970000 34.0
 298  2980000 61.7
 299  2990000 58.3
 300  3000000 226.0
 301  3010000 280.7
 302  3020000 463.0
 303  3030000 323.0
 304  3040000 333.7
 305  3050000 152.7
 306  3060000 227.7
 307  3070000 172.3
 308  3080000 356.3
 309  3090000 166.3
 310  3100000 395.0
 311  3110000 60.0
 312  3120000 47.0
 313  3130000 75.7
