  0        0 9.0
  1    10000 9.0
  0        0 0.0
  1    10000 0.0
  2    20000 0.0
  3    30000 0.0
  4    40000 0.0
  5    50000 0.0
  6    60000 10.0
  7    70000 0.0
  8    80000 10.0
  9    90000 4.7
 10   100000 0.0
 11   110000 0.3
 12   120000 6.3
 13   130000 6.3
 14   140000 8.0
 15   150000 6.0
 16   160000 8.0
 17   170000 9.0
 18   180000 8.3
 19   190000 10.7
 20   200000 10.0
 21   210000 9.3
 22   220000 6.7
 23   230000 8.0
 24   240000 9.7
 25   250000 10.3
 26   260000 10.3
 27   270000 11.3
 28   280000 18.0
 29   290000 15.7
 30   300000 15.3
 31   310000 10.7
 32   320000 8.3
 33   330000 10.3
 34   340000 10.0
 35   350000 7.0
 36   360000 15.3
 37   370000 9.7
 38   380000 15.0
 39   390000 17.0
 40   400000 12.0
 41   410000 12.3
 42   420000 16.0
 43   430000 11.0
 44   440000 11.0
 45   450000 14.7
 47   470000 18.0
 48   480000 18.7
 49   490000 15.0
 50   500000 22.3
 51   510000 21.7
 52   520000 15.7
 53   530000 13.7
 54   540000 17.7
 55   550000 17.3
 56   560000 14.3
 57   570000 15.7
 58   580000 20.3
 59   590000 15.3
 60   600000 16.0
 61   610000 20.0
 62   620000 16.7
 63   630000 11.0
 64   640000 26.3
 65   650000 25.3
 66   660000 21.3
 67   670000 23.0
 68   680000 19.3
 69   690000 26.7
 70   700000 26.3
 71   710000 14.3
 72   720000 19.7
 73   730000 21.3
 74   740000 17.7
 75   750000 17.7
 76   760000 19.3
 77   770000 20.0
 78   780000 23.0
 79   790000 19.7
 80   800000 25.3
 81   810000 21.7
 82   820000 19.3
 83   830000 21.0
 84   840000 21.7
 85   850000 27.3
 86   860000 19.7
 87   870000 23.0
 88   880000 23.0
 89   890000 23.0
 90   900000 22.3
 91   910000 24.0
 92   920000 18.3
 93   930000 27.7
 94   940000 23.7
 95   950000 23.3
 96   960000 21.0
 97   970000 25.0
 98   980000 27.3
 99   990000 23.7
100  1000000 34.0
101  1010000 34.0
102  1020000 26.0
103  1030000 22.3
104  1040000 25.0
105  1050000 34.3
106  1060000 30.0
107  1070000 29.7
108  1080000 35.0
109  1090000 34.3
110  1100000 30.0
111  1110000 36.3
112  1120000 31.7
113  1130000 34.3
114  1140000 37.3
115  1150000 34.7
116  1160000 32.0
117  1170000 40.0
118  1180000 27.3
119  1190000 34.0
120  1200000 25.7
121  1210000 29.7
122  1220000 53.7
123  1230000 39.7
124  1240000 25.3
125  1250000 32.0
126  1260000 28.3
127  1270000 34.3
128  1280000 33.3
129  1290000 23.0
130  1300000 30.7
131  1310000 31.7
132  1320000 24.0
133  1330000 37.3
134  1340000 37.0
135  1350000 23.7
136  1360000 43.7
137  1370000 32.0
138  1380000 28.7
139  1390000 41.0
140  1400000 39.3
141  1410000 35.3
142  1420000 26.0
143  1430000 34.7
144  1440000 27.0
145  1450000 37.3
146  1460000 43.7
147  1470000 28.7
148  1480000 24.7
149  1490000 33.3
150  1500000 27.7
151  1510000 36.3
152  1520000 29.7
153  1530000 30.0
154  1540000 31.7
155  1550000 21.0
156  1560000 27.3
157  1570000 23.3
158  1580000 35.3
159  1590000 26.3
160  1600000 30.0
161  1610000 24.0
162  1620000 29.7
163  1630000 25.0
164  1640000 30.7
165  1650000 31.0
166  1660000 26.7
167  1670000 34.0
168  1680000 36.3
169  1690000 29.0
170  1700000 38.0
171  1710000 27.7
172  1720000 25.0
173  1730000 26.0
174  1740000 23.3
175  1750000 30.7
176  1760000 29.0
177  1770000 33.7
178  1780000 23.7
179  1790000 37.7
180  1800000 34.3
181  1810000 43.3
182  1820000 28.7
183  1830000 34.7
184  1840000 41.7
185  1850000 44.7
186  1860000 32.0
187  1870000 27.0
188  1880000 30.0
189  1890000 30.7
190  1900000 31.7
191  1910000 31.7
192  1920000 20.3
193  1930000 29.0
194  1940000 40.3
195  1950000 47.0
196  1960000 28.0
197  1970000 44.7
198  1980000 20.3
199  1990000 30.0
200  2000000 38.3
201  2010000 26.7
202  2020000 33.3
203  2030000 35.0
204  2040000 28.0
205  2050000 34.0
206  2060000 36.3
207  2070000 36.3
208  2080000 35.3
209  2090000 50.7
210  2100000 44.0
211  2110000 42.3
212  2120000 34.7
213  2130000 36.7
214  2140000 33.0
215  2150000 37.0
216  2160000 31.7
217  2170000 52.7
218  2180000 34.0
219  2190000 34.7
220  2200000 33.7
221  2210000 36.0
222  2220000 44.0
223  2230000 31.0
224  2240000 37.7
225  2250000 35.3
226  2260000 24.0
227  2270000 33.3
228  2280000 20.7
229  2290000 39.3
230  2300000 32.7
231  2310000 27.3
232  2320000 41.7
233  2330000 25.3
234  2340000 34.3
235  2350000 43.7
236  2360000 28.3
237  2370000 31.7
238  2380000 26.3
239  2390000 28.7
240  2400000 45.0
241  2410000 36.0
242  2420000 38.7
243  2430000 39.0
244  2440000 43.3
245  2450000 33.3
246  2460000 35.3
247  2470000 48.0
248  2480000 33.7
249  2490000 57.0
250  2500000 58.7
251  2510000 43.7
252  2520000 43.7
253  2530000 40.0
254  2540000 43.3
255  2550000 33.7
256  2560000 36.3
257  2570000 57.0
258  2580000 41.3
259  2590000 54.7
260  2600000 38.0
261  2610000 52.3
262  2620000 32.0
263  2630000 50.3
264  2640000 44.3
265  2650000 39.0
266  2660000 59.3
267  2670000 45.7
268  2680000 30.3
269  2690000 51.3
270  2700000 33.7
271  2710000 47.7
272  2720000 39.7
273  2730000 38.0
274  2740000 56.3
275  2750000 104.7
276  2760000 45.3
277  2770000 50.0
278  2780000 34.7
279  2790000 55.3
280  2800000 42.3
281  2810000 33.3
282  2820000 40.7
283  2830000 53.0
284  2840000 39.0
285  2850000 36.3
286  2860000 38.0
287  2870000 57.3
288  2880000 50.7
289  2890000 50.0
290  2900000 35.3
291  2910000 43.3
292  2920000 50.3
293  2930000 47.0
294  2940000 37.3
295  2950000 37.3
296  2960000 50.7
297  2970000 44.7
298  2980000 42.7
299  2990000 34.7
300  3000000 51.7
301  3010000 54.3
302  3020000 45.7
303  3030000 61.3
304  3040000 52.3
305  3050000 49.7
306  3060000 33.0
307  3070000 45.7
308  3080000 48.3
309  3090000 43.3
310  3100000 56.0
311  3110000 48.3
312  3120000 40.7
313  3130000 47.3
314  3140000 37.3
315  3150000 60.0
316  3160000 55.0
317  3170000 36.3
318  3180000 39.7
319  3190000 48.0
320  3200000 38.3
321  3210000 63.0
322  3220000 29.7
323  3230000 45.7
324  3240000 39.3
325  3250000 63.3
326  3260000 51.3
327  3270000 42.7
328  3280000 58.0
329  3290000 40.3
330  3300000 40.0
331  3310000 46.7
332  3320000 36.3
333  3330000 47.0
334  3340000 45.3
335  3350000 32.0
336  3360000 45.3
337  3370000 56.0
338  3380000 56.7
339  3390000 44.7
340  3400000 42.3
341  3410000 62.3
342  3420000 59.0
343  3430000 49.3
344  3440000 58.3
345  3450000 64.3
346  3460000 36.7
347  3470000 44.3
348  3480000 42.7
349  3490000 52.0
350  3500000 57.7
351  3510000 77.7
352  3520000 83.3
353  3530000 32.7
354  3540000 75.7
355  3550000 116.3
356  3560000 43.3
357  3570000 64.7
358  3580000 70.7
359  3590000 49.0
360  3600000 52.3
361  3610000 97.7
362  3620000 33.7
363  3630000 50.7
364  3640000 64.7
365  3650000 52.3
366  3660000 41.0
367  3670000 55.3
368  3680000 54.7
369  3690000 68.7
370  3700000 53.7
371  3710000 57.3
372  3720000 38.7
373  3730000 37.0
374  3740000 32.3
375  3750000 47.7
376  3760000 46.7
377  3770000 69.7
378  3780000 59.3
379  3790000 48.0
380  3800000 70.7
381  3810000 62.3
382  3820000 74.3
383  3830000 51.7
384  3840000 60.3
385  3850000 49.7
386  3860000 54.7
387  3870000 53.7
388  3880000 101.7
389  3890000 45.7
390  3900000 76.0
391  3910000 50.0
392  3920000 44.0
393  3930000 62.3
394  3940000 70.3
395  3950000 65.7
396  3960000 36.0
397  3970000 65.3
398  3980000 51.7
399  3990000 58.0
400  4000000 58.0
401  4010000 55.7
402  4020000 42.7
403  4030000 65.7
404  4040000 60.7
405  4050000 65.0
406  4060000 48.7
407  4070000 36.0
408  4080000 46.7
409  4090000 49.3
410  4100000 42.3
411  4110000 40.7
412  4120000 84.7
413  4130000 56.0
414  4140000 60.0
415  4150000 74.0
416  4160000 101.3
417  4170000 37.3
418  4180000 52.3
419  4190000 31.3
420  4200000 63.0
421  4210000 53.0
422  4220000 71.3
423  4230000 68.3
424  4240000 41.7
425  4250000 65.3
426  4260000 41.0
427  4270000 46.0
428  4280000 54.7
429  4290000 25.7
430  4300000 52.0
431  4310000 38.3
432  4320000 52.0
433  4330000 71.3
434  4340000 37.7
435  4350000 48.0
436  4360000 28.3
437  4370000 71.3
438  4380000 69.3
439  4390000 41.7
440  4400000 38.0
441  4410000 28.3
442  4420000 51.3
443  4430000 65.7
444  4440000 48.0
445  4450000 48.7
446  4460000 45.7
447  4470000 40.0
448  4480000 60.7
449  4490000 139.3
450  4500000 58.3
451  4510000 35.3
452  4520000 56.0
453  4530000 78.7
454  4540000 54.3
455  4550000 71.7
456  4560000 52.7
457  4570000 62.3
458  4580000 40.3
459  4590000 52.3
460  4600000 27.7
461  4610000 40.7
462  4620000 72.0
463  4630000 57.7
464  4640000 45.3
465  4650000 56.7
466  4660000 79.7
467  4670000 89.3
468  4680000 51.7
469  4690000 65.0
470  4700000 33.0
471  4710000 40.7
472  4720000 60.7
473  4730000 77.3
474  4740000 63.7
475  4750000 76.3
476  4760000 44.7
477  4770000 36.7
478  4780000 41.0
479  4790000 50.7
480  4800000 68.7
481  4810000 109.7
482  4820000 54.7
483  4830000 75.0
484  4840000 47.3
485  4850000 63.3
486  4860000 76.0
487  4870000 82.3
488  4880000 98.3
489  4890000 63.0
490  4900000 48.0
491  4910000 187.7
492  4920000 44.0
493  4930000 72.7
494  4940000 73.7
495  4950000 96.7
496  4960000 34.7
497  4970000 68.7
498  4980000 38.7
499  4990000 129.0
500  5000000 65.3
501  5010000 54.7
502  5020000 95.3
503  5030000 46.0
504  5040000 45.0
505  5050000 45.7
506  5060000 44.3
507  5070000 45.0
508  5080000 39.7
509  5090000 40.3
510  5100000 76.3
511  5110000 67.0
512  5120000 94.7
513  5130000 63.3
514  5140000 37.3
515  5150000 69.3
516  5160000 54.7
517  5170000 59.7
518  5180000 46.3
519  5190000 80.3
520  5200000 84.0
521  5210000 48.3
522  5220000 45.0
523  5230000 33.3
524  5240000 50.0
525  5250000 64.3
526  5260000 62.7
527  5270000 68.7
528  5280000 40.3
529  5290000 61.0
530  5300000 39.3
531  5310000 92.0
532  5320000 51.0
533  5330000 62.0
534  5340000 57.3
535  5350000 48.3
536  5360000 88.7
537  5370000 53.0
538  5380000 61.3
539  5390000 102.0
540  5400000 79.3
541  5410000 75.0
542  5420000 52.7
543  5430000 46.7
544  5440000 60.7
545  5450000 91.7
546  5460000 47.7
547  5470000 58.7
548  5480000 75.0
549  5490000 45.3
550  5500000 74.3
551  5510000 34.7
552  5520000 72.7
553  5530000 51.7
554  5540000 81.7
555  5550000 76.7
556  5560000 44.3
557  5570000 64.7
558  5580000 64.7
559  5590000 93.7
560  5600000 83.7
561  5610000 47.0
562  5620000 34.3
563  5630000 119.3
564  5640000 62.0
565  5650000 121.0
566  5660000 72.3
567  5670000 61.0
568  5680000 56.0
569  5690000 59.0
570  5700000 85.7
571  5710000 35.7
572  5720000 70.3
573  5730000 72.3
574  5740000 121.0
575  5750000 61.3
576  5760000 141.7
577  5770000 61.0
578  5780000 69.0
579  5790000 104.0
580  5800000 81.0
581  5810000 33.0
582  5820000 104.7
583  5830000 55.3
584  5840000 43.3
585  5850000 63.7
586  5860000 74.7
587  5870000 82.3
588  5880000 63.0
589  5890000 67.7
590  5900000 58.7
591  5910000 54.0
592  5920000 55.0
593  5930000 38.7
594  5940000 49.0
595  5950000 62.7
596  5960000 114.3
597  5970000 55.0
598  5980000 45.0
599  5990000 61.3
600  6000000 135.3
601  6010000 78.7
602  6020000 35.7
603  6030000 64.7
604  6040000 72.0
605  6050000 60.0
606  6060000 75.0
607  6070000 63.3
608  6080000 46.0
609  6090000 69.3
610  6100000 34.3
611  6110000 119.3
612  6120000 57.7
613  6130000 44.0
614  6140000 44.0
615  6150000 79.0
616  6160000 45.7
617  6170000 73.0
618  6180000 37.3
619  6190000 112.3
620  6200000 64.7
621  6210000 56.3
622  6220000 38.0
623  6230000 73.7
624  6240000 141.0
625  6250000 56.7
626  6260000 76.3
627  6270000 106.0
628  6280000 57.0
629  6290000 62.7
630  6300000 102.0
631  6310000 67.7
632  6320000 148.7
633  6330000 34.0
634  6340000 70.3
635  6350000 103.0
636  6360000 67.3
637  6370000 50.3
638  6380000 74.0
639  6390000 106.3
640  6400000 55.0
641  6410000 94.0
642  6420000 68.3
643  6430000 84.7
644  6440000 106.0
645  6450000 79.0
646  6460000 48.7
647  6470000 50.0
648  6480000 48.3
649  6490000 52.7
650  6500000 56.7
651  6510000 35.3
652  6520000 63.3
653  6530000 41.0
654  6540000 39.3
655  6550000 111.3
656  6560000 81.7
657  6570000 87.0
658  6580000 117.7
659  6590000 64.3
660  6600000 45.3
661  6610000 75.7
662  6620000 28.0
663  6630000 61.3
664  6640000 41.3
665  6650000 39.7
666  6660000 65.7
667  6670000 130.3
668  6680000 115.7
669  6690000 94.0
670  6700000 89.7
671  6710000 77.7
672  6720000 95.0
673  6730000 44.0
674  6740000 128.0
675  6750000 60.7
676  6760000 119.3
677  6770000 102.0
678  6780000 135.3
679  6790000 50.3
680  6800000 61.3
681  6810000 101.3
682  6820000 74.3
683  6830000 51.0
684  6840000 147.7
685  6850000 48.3
686  6860000 103.0
687  6870000 43.7
688  6880000 74.7
689  6890000 46.7
690  6900000 64.0
691  6910000 64.3
692  6920000 138.7
693  6930000 43.7
694  6940000 60.7
695  6950000 107.3
696  6960000 136.3
697  6970000 59.3
698  6980000 72.7
699  6990000 92.3
700  7000000 44.7
701  7010000 56.7
702  7020000 100.3
703  7030000 155.3
704  7040000 57.7
705  7050000 75.3
706  7060000 99.0
707  7070000 94.0
708  7080000 20.3
709  7090000 95.7
710  7100000 79.0
711  7110000 94.7
712  7120000 82.0
713  7130000 54.0
714  7140000 66.7
715  7150000 129.3
716  7160000 41.3
717  7170000 170.3
718  7180000 78.0
719  7190000 178.7
720  7200000 69.0
721  7210000 54.7
722  7220000 112.3
723  7230000 41.3
724  7240000 79.0
725  7250000 43.0
726  7260000 158.0
727  7270000 87.3
728  7280000 43.0
729  7290000 44.0
730  7300000 37.7
731  7310000 115.3
732  7320000 44.3
733  7330000 65.3
734  7340000 88.3
735  7350000 68.7
736  7360000 88.0
737  7370000 51.0
738  7380000 48.3
739  7390000 93.0
740  7400000 118.3
741  7410000 149.7
742  7420000 74.3
743  7430000 87.3
744  7440000 49.0
745  7450000 48.0
746  7460000 17.3
747  7470000 46.7
748  7480000 47.7
749  7490000 22.7
750  7500000 63.7
751  7510000 35.7
752  7520000 55.0
753  7530000 119.0
754  7540000 106.0
755  7550000 76.3
756  7560000 99.3
757  7570000 66.0
758  7580000 127.0
759  7590000 79.3
760  7600000 73.0
761  7610000 93.0
762  7620000 36.0
763  7630000 126.0
764  7640000 120.0
765  7650000 76.0
766  7660000 94.3
767  7670000 61.7
768  7680000 60.3
769  7690000 62.3
770  7700000 94.0
771  7710000 83.7
772  7720000 74.7
773  7730000 47.3
774  7740000 65.0
775  7750000 77.7
776  7760000 58.0
777  7770000 97.3
778  7780000 57.7
779  7790000 48.3
780  7800000 123.0
781  7810000 57.7
782  7820000 102.7
783  7830000 109.3
784  7840000 87.0
785  7850000 58.3
786  7860000 152.0
787  7870000 42.0
788  7880000 78.7
789  7890000 61.0
790  7900000 49.3
791  7910000 63.0
792  7920000 68.0
793  7930000 70.3
794  7940000 86.7
795  7950000 97.3
796  7960000 70.0
797  7970000 68.7
798  7980000 67.7
799  7990000 125.7
800  8000000 52.7
801  8010000 78.7
802  8020000 128.7
803  8030000 37.0
804  8040000 42.7
805  8050000 78.3
806  8060000 49.7
807  8070000 50.0
808  8080000 47.3
809  8090000 46.0
810  8100000 43.7
811  8110000 33.3
812  8120000 83.3
813  8130000 81.7
814  8140000 45.0
815  8150000 75.3
816  8160000 83.7
817  8170000 26.3
818  8180000 59.7
819  8190000 79.3
820  8200000 53.7
821  8210000 47.3
822  8220000 66.7
823  8230000 59.3
824  8240000 56.3
825  8250000 97.0
826  8260000 67.0
827  8270000 43.3
828  8280000 41.3
829  8290000 38.3
830  8300000 40.3
831  8310000 48.3
832  8320000 85.7
833  8330000 68.7
834  8340000 144.3
835  8350000 54.3
836  8360000 118.3
837  8370000 195.7
838  8380000 42.3
839  8390000 236.7
840  8400000 131.3
841  8410000 159.0
842  8420000 178.3
843  8430000 62.7
844  8440000 99.0
845  8450000 70.3
846  8460000 59.7
847  8470000 33.0
848  8480000 98.3
849  8490000 74.0
850  8500000 30.0
851  8510000 103.0
852  8520000 79.7
853  8530000 123.7
854  8540000 59.7
855  8550000 76.3
856  8560000 86.0
857  8570000 55.7
858  8580000 231.0
859  8590000 37.0
860  8600000 27.3
861  8610000 60.7
862  8620000 107.3
863  8630000 52.3
864  8640000 52.3
865  8650000 32.0
866  8660000 47.7
867  8670000 108.0
868  8680000 48.7
869  8690000 67.7
870  8700000 77.3
871  8710000 57.3
872  8720000 36.7
873  8730000 119.3
874  8740000 45.3
875  8750000 102.0
876  8760000 41.0
877  8770000 54.0
878  8780000 72.0
879  8790000 88.3
880  8800000 77.0
881  8810000 126.7
882  8820000 48.0
883  8830000 118.3
884  8840000 87.7
885  8850000 97.0
886  8860000 149.0
887  8870000 35.7
888  8880000 101.0
889  8890000 85.0
890  8900000 21.0
891  8910000 27.3
892  8920000 130.0
893  8930000 29.0
894  8940000 49.0
895  8950000 57.0
896  8960000 138.3
897  8970000 41.3
898  8980000 72.0
899  8990000 30.0
900  9000000 34.3
901  9010000 118.3
902  9020000 26.0
903  9030000 98.0
904  9040000 63.7
905  9050000 56.0
906  9060000 59.3
907  9070000 76.3
908  9080000 42.7
909  9090000 59.3
910  9100000 62.7
911  9110000 73.7
912  9120000 130.0
913  9130000 66.7
914  9140000 49.3
915  9150000 73.0
916  9160000 53.0
917  9170000 51.3
918  9180000 65.3
919  9190000 142.3
920  9200000 65.3
921  9210000 140.0
922  9220000 91.3
923  9230000 37.7
924  9240000 68.0
925  9250000 171.3
926  9260000 222.3
927  9270000 147.0
928  9280000 196.3
929  9290000 98.3
930  9300000 94.0
931  9310000 72.3
932  9320000 109.7
933  9330000 70.0
934  9340000 109.0
935  9350000 97.3
936  9360000 49.7
937  9370000 50.3
938  9380000 55.3
939  9390000 122.3
940  9400000 63.7
941  9410000 52.0
942  9420000 117.3
943  9430000 69.7
944  9440000 54.3
945  9450000 41.3
946  9460000 58.7
947  9470000 99.3
948  9480000 129.7
949  9490000 61.7
950  9500000 58.3
951  9510000 122.7
952  9520000 61.7
953  9530000 40.0
954  9540000 41.7
955  9550000 216.3
956  9560000 78.0
957  9570000 36.7
958  9580000 115.3
959  9590000 58.3
960  9600000 99.7
961  9610000 70.7
962  9620000 43.7
963  9630000 77.3
964  9640000 69.3
965  9650000 33.7
966  9660000 101.3
967  9670000 115.0
968  9680000 86.7
969  9690000 44.7
970  9700000 69.3
971  9710000 74.0
972  9720000 100.7
973  9730000 96.3
974  9740000 50.0
975  9750000 124.3
976  9760000 117.3
977  9770000 81.7
978  9780000 44.0
979  9790000 133.7
980  9800000 66.7
981  9810000 107.3
982  9820000 55.3
983  9830000 132.3
984  9840000 132.7
985  9850000 81.3
986  9860000 40.0
987  9870000 129.7
988  9880000 55.0
989  9890000 75.0
990  9900000 79.0
991  9910000 146.7
992  9920000 70.3
993  9930000 94.7
994  9940000 60.3
995  9950000 90.0
996  9960000 91.3
997  9970000 61.0
998  9980000 126.0
999  9990000 70.3
1000 10000000 37.7
1001 10010000 52.3
1002 10020000 50.0
1003 10030000 40.7
1004 10040000 90.3
1005 10050000 61.0
1006 10060000 103.3
1007 10070000 37.3
1008 10080000 183.0
1009 10090000 50.3
1010 10100000 176.0
1011 10110000 119.0
1012 10120000 82.7
1013 10130000 54.3
1014 10140000 52.3
1015 10150000 57.0
1016 10160000 58.3
1017 10170000 94.7
1018 10180000 63.0
1019 10190000 120.0
1020 10200000 39.3
1021 10210000 48.7
1022 10220000 56.0
1023 10230000 42.7
1024 10240000 36.7
1025 10250000 37.7
1026 10260000 62.7
1027 10270000 37.0
1028 10280000 128.7
1029 10290000 67.3
1030 10300000 96.7
1031 10310000 74.3
1032 10320000 88.7
1033 10330000 145.3
1034 10340000 132.0
1035 10350000 46.0
1036 10360000 113.0
1037 10370000 82.3
1038 10380000 50.7
1039 10390000 68.3
1040 10400000 45.7
1041 10410000 56.7
1042 10420000 92.7
1043 10430000 68.7
1044 10440000 79.3
1045 10450000 101.7
1046 10460000 109.0
1047 10470000 92.3
1048 10480000 59.0
1049 10490000 63.0
1050 10500000 113.7
1051 10510000 109.3
1052 10520000 61.7
1053 10530000 69.0
1054 10540000 82.7
1055 10550000 70.0
1056 10560000 121.3
1057 10570000 112.7
1058 10580000 98.3
1059 10590000 35.7
1060 10600000 53.3
1061 10610000 168.3
1062 10620000 115.3
1063 10630000 92.3
1064 10640000 11.0
1065 10650000 93.0
1066 10660000 79.3
1067 10670000 56.0
1068 10680000 54.0
1069 10690000 63.3
1070 10700000 84.3
1071 10710000 57.7
1072 10720000 135.3
1073 10730000 207.7
1074 10740000 59.3
1075 10750000 60.3
1076 10760000 43.3
1077 10770000 44.3
1078 10780000 72.0
1079 10790000 52.0
1080 10800000 30.7
1081 10810000 40.0
1082 10820000 84.7
1083 10830000 51.7
1084 10840000 112.3
1085 10850000 70.7
1086 10860000 143.3
1087 10870000 87.7
1088 10880000 95.0
1089 10890000 101.7
1090 10900000 126.0
1091 10910000 117.3
1092 10920000 20.3
1093 10930000 66.3
1094 10940000 34.3
1095 10950000 55.7
1096 10960000 41.3
1097 10970000 85.0
1098 10980000 23.3
1099 10990000 137.3
1100 11000000 141.7
1101 11010000 121.0
1102 11020000 53.3
1103 11030000 82.7
1104 11040000 68.7
1105 11050000 59.0
1106 11060000 95.0
1107 11070000 91.0
1108 11080000 68.7
1109 11090000 67.3
1110 11100000 55.3
1111 11110000 48.3
1112 11120000 185.3
1113 11130000 136.3
1114 11140000 91.3
1115 11150000 109.3
1116 11160000 121.7
1117 11170000 86.3
1118 11180000 25.3
1119 11190000 78.7
1120 11200000 60.3
1121 11210000 130.0
1122 11220000 81.3
1123 11230000 46.7
1124 11240000 60.0
1125 11250000 68.0
1126 11260000 119.0
1127 11270000 71.7
1128 11280000 54.0
1129 11290000 26.3
1130 11300000 58.7
1131 11310000 66.7
1132 11320000 33.3
1133 11330000 165.7
1134 11340000 137.0
1135 11350000 110.7
1136 11360000 64.0
1137 11370000 138.0
1138 11380000 47.3
1139 11390000 54.3
1140 11400000 49.0
1141 11410000 53.3
1142 11420000 41.7
1143 11430000 78.7
1144 11440000 68.7
1145 11450000 166.7
1146 11460000 121.7
1147 11470000 117.3
1148 11480000 168.3
1149 11490000 71.7
1150 11500000 78.3
1151 11510000 111.0
1152 11520000 98.7
1153 11530000 98.0
1154 11540000 54.0
1155 11550000 49.3
1156 11560000 52.7
1157 11570000 114.3
1158 11580000 88.3
1159 11590000 75.0
1160 11600000 37.7
1161 11610000 144.0
1162 11620000 53.3
1163 11630000 89.0
1164 11640000 38.3
1165 11650000 178.0
1166 11660000 86.0
1167 11670000 58.7
1168 11680000 96.3
1169 11690000 178.3
1170 11700000 58.3
1171 11710000 94.0
1172 11720000 39.0
1173 11730000 135.3
1174 11740000 97.0
1175 11750000 50.3
1176 11760000 58.3
1177 11770000 147.0
1178 11780000 91.3
1179 11790000 88.3
1180 11800000 81.7
1181 11810000 106.7
1182 11820000 43.0
1183 11830000 91.7
1184 11840000 57.7
1185 11850000 173.7
1186 11860000 54.3
1187 11870000 174.0
1188 11880000 115.0
1189 11890000 77.3
1190 11900000 158.3
1191 11910000 56.3
1192 11920000 126.3
1193 11930000 38.0
1194 11940000 41.7
1195 11950000 35.0
1196 11960000 65.7
1197 11970000 54.3
1198 11980000 48.0
1199 11990000 35.0
1200 12000000 44.0
1201 12010000 112.3
1202 12020000 145.3
1203 12030000 124.0
1204 12040000 34.7
1205 12050000 105.7
1206 12060000 62.7
1207 12070000 75.7
1208 12080000 80.0
1209 12090000 93.0
1210 12100000 66.0
1211 12110000 27.3
1212 12120000 121.3
1213 12130000 72.0
1214 12140000 76.3
1215 12150000 71.7
1216 12160000 50.3
1217 12170000 65.0
1218 12180000 47.0
1219 12190000 48.0
1220 12200000 20.0
1221 12210000 62.3
1222 12220000 89.0
1223 12230000 71.0
1224 12240000 64.3
1225 12250000 87.0
1226 12260000 53.0
1227 12270000 171.0
1228 12280000 50.0
1229 12290000 84.0
1230 12300000 138.3
1231 12310000 86.7
1232 12320000 43.0
1233 12330000 65.3
1234 12340000 81.7
1235 12350000 123.7
1236 12360000 83.3
1237 12370000 88.0
1238 12380000 49.3
1239 12390000 80.0
1240 12400000 48.3
1241 12410000 55.7
1242 12420000 55.3
1243 12430000 90.0
1244 12440000 63.7
1245 12450000 51.0
1246 12460000 40.3
1247 12470000 40.0
1248 12480000 47.7
1249 12490000 168.0
1250 12500000 52.3
1251 12510000 87.0
1252 12520000 118.7
1253 12530000 72.3
1254 12540000 75.0
1255 12550000 86.7
1256 12560000 116.0
1257 12570000 38.7
1258 12580000 162.3
1259 12590000 66.0
1260 12600000 36.0
1261 12610000 144.0
1262 12620000 87.0
1263 12630000 80.7
1264 12640000 78.3
1265 12650000 157.7
1266 12660000 49.3
1267 12670000 69.7
1268 12680000 44.3
1269 12690000 77.0
1270 12700000 116.7
1271 12710000 171.0
1272 12720000 43.3
1273 12730000 89.7
1274 12740000 94.0
1275 12750000 120.7
1276 12760000 50.3
1277 12770000 65.7
1278 12780000 107.3
1279 12790000 159.3
1280 12800000 41.0
1281 12810000 75.3
1282 12820000 112.0
1283 12830000 63.0
1284 12840000 80.3
1285 12850000 75.0
1286 12860000 51.0
1287 12870000 193.0
1288 12880000 99.7
1289 12890000 51.0
1290 12900000 49.7
1291 12910000 43.3
1292 12920000 65.0
1293 12930000 93.3
1294 12940000 139.3
1295 12950000 73.0
1296 12960000 54.7
1297 12970000 87.3
1298 12980000 78.7
1299 12990000 162.7
1300 13000000 120.3
1301 13010000 132.0
1302 13020000 39.0
1303 13030000 98.0
1304 13040000 60.3
1305 13050000 114.3
1306 13060000 51.3
1307 13070000 142.0
1308 13080000 42.7
1309 13090000 121.0
1310 13100000 122.0
1311 13110000 77.7
1312 13120000 129.7
1313 13130000 50.0
1314 13140000 70.7
1315 13150000 86.7
1316 13160000 53.7
1317 13170000 97.7
1318 13180000 168.0
1319 13190000 108.7
1320 13200000 85.0
1321 13210000 104.0
1322 13220000 60.7
1323 13230000 92.0
1324 13240000 81.7
1325 13250000 90.7
1326 13260000 61.3
1327 13270000 106.7
1328 13280000 144.0
1329 13290000 44.0
1330 13300000 76.0
1331 13310000 34.0
1332 13320000 46.7
1333 13330000 43.3
1334 13340000 136.0
1335 13350000 93.0
1336 13360000 77.0
1337 13370000 55.3
1338 13380000 76.7
1339 13390000 56.3
1340 13400000 40.0
1341 13410000 98.7
1342 13420000 53.7
1343 13430000 85.3
1344 13440000 75.3
1345 13450000 26.3
1346 13460000 104.0
1347 13470000 106.3
1348 13480000 106.3
1349 13490000 189.7
1350 13500000 114.7
1351 13510000 44.0
1352 13520000 176.7
1353 13530000 103.0
1354 13540000 59.0
1355 13550000 61.3
1356 13560000 118.0
1357 13570000 97.3
1358 13580000 32.7
1359 13590000 52.0
1360 13600000 72.7
1361 13610000 34.0
1362 13620000 54.7
1363 13630000 62.0
1364 13640000 55.3
1365 13650000 22.7
1366 13660000 45.3
1367 13670000 103.3
1368 13680000 15.3
1369 13690000 51.3
1370 13700000 147.0
1371 13710000 35.7
1372 13720000 87.7
1373 13730000 80.7
1374 13740000 102.3
1375 13750000 118.0
1376 13760000 32.3
1377 13770000 123.3
1378 13780000 68.0
1379 13790000 57.0
1380 13800000 40.0
1381 13810000 58.7
1382 13820000 54.7
1383 13830000 76.3
1384 13840000 82.3
1385 13850000 96.3
1386 13860000 57.0
1387 13870000 119.7
1388 13880000 59.0
1389 13890000 46.7
1390 13900000 46.3
1391 13910000 80.7
1392 13920000 61.7
1393 13930000 50.7
1394 13940000 24.3
1395 13950000 32.3
1396 13960000 31.7
1397 13970000 84.3
1398 13980000 133.3
1399 13990000 35.3
1400 14000000 59.0
1401 14010000 69.7
1402 14020000 83.0
1403 14030000 143.0
1404 14040000 54.3
1405 14050000 136.3
1406 14060000 118.7
1407 14070000 60.3
1408 14080000 60.0
1409 14090000 83.0
1410 14100000 52.3
1411 14110000 139.3
1412 14120000 47.3
1413 14130000 92.7
1414 14140000 116.7
1415 14150000 128.0
1416 14160000 98.7
1417 14170000 84.0
1418 14180000 108.3
1419 14190000 84.7
1420 14200000 78.7
1421 14210000 92.7
1422 14220000 65.3
1423 14230000 61.3
1424 14240000 179.7
1425 14250000 53.7
1426 14260000 173.0
1427 14270000 68.3
1428 14280000 115.3
1429 14290000 104.0
1430 14300000 55.0
1431 14310000 56.0
1432 14320000 36.7
1433 14330000 114.3
1434 14340000 89.7
1435 14350000 42.3
1436 14360000 125.0
1437 14370000 79.0
1438 14380000 50.0
1439 14390000 54.7
1440 14400000 102.7
1441 14410000 125.3
1442 14420000 89.7
1443 14430000 87.7
1444 14440000 108.0
1445 14450000 51.0
1446 14460000 61.3
1447 14470000 32.0
1448 14480000 46.7
1449 14490000 107.7
1450 14500000 151.0
1451 14510000 114.0
1452 14520000 69.7
1453 14530000 71.3
1454 14540000 26.7
1455 14550000 79.7
1456 14560000 91.7
1457 14570000 136.3
1458 14580000 61.0
1459 14590000 121.7
1460 14600000 75.7
1461 14610000 65.0
1462 14620000 72.0
1463 14630000 143.0
1464 14640000 30.0
1465 14650000 71.3
1466 14660000 46.3
1467 14670000 94.7
1468 14680000 105.0
1469 14690000 122.0
1470 14700000 99.0
1471 14710000 32.0
1472 14720000 98.3
1473 14730000 86.7
1474 14740000 100.3
1475 14750000 70.3
1476 14760000 159.0
1477 14770000 81.7
1478 14780000 121.0
1479 14790000 55.3
1480 14800000 55.0
1481 14810000 28.0
1482 14820000 49.7
1483 14830000 83.0
1484 14840000 93.0
1485 14850000 85.0
1486 14860000 64.3
1487 14870000 78.3
1488 14880000 90.7
1489 14890000 83.0
1490 14900000 146.3
1491 14910000 25.3
1492 14920000 139.3
1493 14930000 122.3
1494 14940000 70.3
1495 14950000 63.3
1496 14960000 137.7
1497 14970000 47.0
1498 14980000 56.3
1499 14990000 50.3
1500 15000000 93.7
1501 15010000 140.7
1502 15020000 39.7
1503 15030000 110.7
1504 15040000 61.7
1505 15050000 131.3
1506 15060000 102.0
1507 15070000 48.3
1508 15080000 54.0
1509 15090000 52.0
1510 15100000 105.3
1511 15110000 35.7
1512 15120000 82.3
1513 15130000 133.7
1514 15140000 26.0
1515 15150000 40.3
1516 15160000 66.0
1517 15170000 69.0
1518 15180000 42.7
1519 15190000 24.3
1520 15200000 111.3
1521 15210000 54.3
1522 15220000 57.0
1523 15230000 71.0
1524 15240000 124.7
1525 15250000 59.7
1526 15260000 79.7
1527 15270000 70.0
1528 15280000 67.3
1529 15290000 61.0
1530 15300000 128.0
1531 15310000 58.0
1532 15320000 90.7
1533 15330000 91.0
1534 15340000 178.3
1535 15350000 63.3
1536 15360000 73.3
1537 15370000 116.3
1538 15380000 112.3
1539 15390000 61.3
1540 15400000 36.0
1541 15410000 40.7
1542 15420000 39.3
1543 15430000 30.7
1544 15440000 51.7
1545 15450000 69.0
1546 15460000 40.3
1547 15470000 61.0
1548 15480000 57.3
1549 15490000 36.3
1550 15500000 57.3
1551 15510000 52.7
1552 15520000 167.7
1553 15530000 70.0
1554 15540000 99.3
1555 15550000 33.7
1556 15560000 105.3
1557 15570000 52.3
1558 15580000 70.7
1559 15590000 94.0
1560 15600000 45.7
1561 15610000 124.3
1562 15620000 100.3
1563 15630000 100.7
1564 15640000 56.3
1565 15650000 83.7
1566 15660000 76.7
1567 15670000 83.0
1568 15680000 82.0
1569 15690000 73.0
1570 15700000 33.0
1571 15710000 127.0
1572 15720000 51.3
1573 15730000 117.7
1574 15740000 99.0
1575 15750000 145.0
1576 15760000 104.3
1577 15770000 204.7
1578 15780000 48.7
1579 15790000 106.7
1580 15800000 95.7
1581 15810000 54.3
1582 15820000 78.0
1583 15830000 26.0
1584 15840000 102.0
1585 15850000 46.0
1586 15860000 68.7
1587 15870000 66.3
1588 15880000 185.7
1589 15890000 83.3
1590 15900000 90.7
1591 15910000 40.7
1592 15920000 24.7
1593 15930000 75.7
1594 15940000 72.7
1595 15950000 123.7
1596 15960000 64.7
1597 15970000 41.3
1598 15980000 61.7
1599 15990000 79.3
1600 16000000 65.7
1601 16010000 161.3
1602 16020000 103.7
1603 16030000 21.3
1604 16040000 98.3
1605 16050000 72.7
1606 16060000 91.0
1607 16070000 72.3
1608 16080000 63.3
1609 16090000 69.3
1610 16100000 124.3
1611 16110000 17.7
1612 16120000 85.0
1613 16130000 62.0
1614 16140000 40.7
1615 16150000 77.0
1616 16160000 46.7
1617 16170000 77.3
1618 16180000 59.7
1619 16190000 82.7
1620 16200000 75.7
1621 16210000 30.7
1622 16220000 123.0
1623 16230000 39.3
1624 16240000 69.0
1625 16250000 141.0
1626 16260000 63.3
1627 16270000 50.7
1628 16280000 133.7
1629 16290000 111.0
1630 16300000 70.3
1631 16310000 67.0
1632 16320000 109.7
1633 16330000 136.3
1634 16340000 99.3
1635 16350000 93.0
1636 16360000 34.3
1637 16370000 51.7
1638 16380000 127.7
1639 16390000 39.3
1640 16400000 38.7
1641 16410000 43.3
1642 16420000 118.7
1643 16430000 61.0
1644 16440000 112.7
1645 16450000 45.0
1646 16460000 38.0
1647 16470000 29.0
1648 16480000 77.0
1649 16490000 48.3
1650 16500000 98.7
1651 16510000 94.3
1652 16520000 25.3
1653 16530000 109.3
1654 16540000 79.7
1655 16550000 74.7
1656 16560000 57.0
1657 16570000 104.7
1658 16580000 33.3
1659 16590000 46.3
1660 16600000 112.0
1661 16610000 65.3
1662 16620000 124.0
1663 16630000 130.3
1664 16640000 112.0
1665 16650000 88.7
1666 16660000 119.0
1667 16670000 51.7
1668 16680000 47.3
1669 16690000 54.7
1670 16700000 80.0
1671 16710000 121.0
1672 16720000 38.7
1673 16730000 51.7
1674 16740000 23.0
1675 16750000 81.0
1676 16760000 68.0
1677 16770000 46.3
1678 16780000 57.7
1679 16790000 65.0
1680 16800000 157.3
1681 16810000 56.7
1682 16820000 36.3
1683 16830000 88.3
1684 16840000 89.3
1685 16850000 36.0
1686 16860000 66.3
1687 16870000 73.0
1688 16880000 149.7
1689 16890000 120.3
1690 16900000 74.7
1691 16910000 94.0
1692 16920000 157.7
1693 16930000 39.0
1694 16940000 72.7
1695 16950000 114.7
1696 16960000 72.0
1697 16970000 145.3
1698 16980000 53.0
1699 16990000 104.0
1700 17000000 89.3
1701 17010000 82.0
1702 17020000 42.3
1703 17030000 107.0
1704 17040000 102.3
1705 17050000 67.7
1706 17060000 143.7
1707 17070000 119.7
1708 17080000 105.0
1709 17090000 55.7
1710 17100000 73.0
1711 17110000 50.3
1712 17120000 50.7
1713 17130000 84.0
1714 17140000 66.7
1715 17150000 77.3
1716 17160000 58.0
1717 17170000 48.7
1718 17180000 62.3
1719 17190000 95.0
1720 17200000 66.7
1721 17210000 43.0
1722 17220000 53.0
1723 17230000 55.0
1724 17240000 106.0
1725 17250000 45.3
1726 17260000 29.0
1727 17270000 160.7
1728 17280000 26.0
1729 17290000 58.0
1730 17300000 113.0
1731 17310000 143.0
1732 17320000 49.7
1733 17330000 44.3
1734 17340000 164.3
1735 17350000 52.3
1736 17360000 55.7
1737 17370000 54.0
1738 17380000 47.3
1739 17390000 65.0
1740 17400000 85.3
1741 17410000 41.0
1742 17420000 56.7
1743 17430000 50.7
1744 17440000 118.0
1745 17450000 69.3
1746 17460000 55.7
1747 17470000 80.7
1748 17480000 103.0
1749 17490000 138.3
1750 17500000 80.0
1751 17510000 102.0
1752 17520000 47.7
1753 17530000 22.3
1754 17540000 43.3
1755 17550000 58.0
1756 17560000 78.7
1757 17570000 48.7
1758 17580000 76.3
1759 17590000 139.7
1760 17600000 24.3
1761 17610000 62.0
1762 17620000 31.3
1763 17630000 98.3
1764 17640000 40.3
1765 17650000 49.0
1766 17660000 78.3
1767 17670000 148.7
1768 17680000 40.0
1769 17690000 23.0
1770 17700000 105.3
1771 17710000 95.3
1772 17720000 102.0
1773 17730000 89.3
1774 17740000 48.7
1775 17750000 30.0
1776 17760000 95.0
1777 17770000 161.3
1778 17780000 129.0
1779 17790000 190.3
1780 17800000 51.0
1781 17810000 71.0
1782 17820000 62.0
1783 17830000 117.7
1784 17840000 71.3
1785 17850000 97.3
1786 17860000 72.0
1787 17870000 135.3
1788 17880000 110.7
1789 17890000 109.0
1790 17900000 66.3
1791 17910000 43.0
1792 17920000 65.3
1793 17930000 60.3
1794 17940000 41.0
1795 17950000 138.0
1796 17960000 126.0
1797 17970000 130.7
1798 17980000 105.7
1799 17990000 85.3
1800 18000000 140.3
1801 18010000 77.3
1802 18020000 119.0
1803 18030000 71.0
1804 18040000 106.7
1805 18050000 162.0
1806 18060000 48.0
1807 18070000 63.3
1808 18080000 47.7
1809 18090000 36.7
1810 18100000 31.3
1811 18110000 44.0
1812 18120000 40.7
1813 18130000 67.7
1814 18140000 68.0
1815 18150000 96.3
1816 18160000 52.0
1817 18170000 65.3
1818 18180000 58.3
1819 18190000 37.7
1820 18200000 49.7
1821 18210000 18.0
1822 18220000 74.0
1823 18230000 90.7
1824 18240000 65.7
1825 18250000 134.0
1826 18260000 81.0
1827 18270000 66.3
1828 18280000 47.3
1829 18290000 43.7
1830 18300000 106.7
1831 18310000 38.3
1832 18320000 28.7
1833 18330000 128.7
1834 18340000 56.0
1835 18350000 42.7
1836 18360000 63.7
1837 18370000 32.0
1838 18380000 53.3
1839 18390000 88.7
1840 18400000 65.0
1841 18410000 75.0
1842 18420000 43.0
1843 18430000 58.7
1844 18440000 108.7
1845 18450000 22.0
1846 18460000 98.7
1847 18470000 99.7
1848 18480000 109.0
1849 18490000 94.0
1850 18500000 33.7
1851 18510000 58.0
1852 18520000 126.3
1853 18530000 81.0
1854 18540000 35.0
1855 18550000 16.3
1856 18560000 37.3
1857 18570000 72.0
1858 18580000 127.7
1859 18590000 49.3
1860 18600000 35.7
1861 18610000 144.7
1862 18620000 67.3
1863 18630000 74.0
1864 18640000 60.0
1865 18650000 87.0
1866 18660000 94.3
1867 18670000 70.7
1868 18680000 82.7
1869 18690000 70.3
1870 18700000 46.7
1871 18710000 80.3
1872 18720000 105.3
1873 18730000 71.0
1874 18740000 38.3
1875 18750000 58.3
1876 18760000 80.0
1877 18770000 63.0
1878 18780000 109.0
1879 18790000 207.0
1880 18800000 60.3
1881 18810000 58.3
1882 18820000 60.7
1883 18830000 22.7
1884 18840000 79.0
1885 18850000 144.0
1886 18860000 28.7
1887 18870000 106.0
1888 18880000 80.0
1889 18890000 83.3
1890 18900000 134.0
1891 18910000 120.0
1892 18920000 23.0
1893 18930000 61.3
1894 18940000 111.7
1895 18950000 48.7
1896 18960000 46.7
1897 18970000 73.3
1898 18980000 49.7
1899 18990000 46.7
1900 19000000 63.0
1901 19010000 89.7
1902 19020000 95.0
1903 19030000 60.3
1904 19040000 111.0
1905 19050000 78.7
1906 19060000 129.3
1907 19070000 157.0
1908 19080000 100.0
1909 19090000 141.7
1910 19100000 56.0
1911 19110000 53.0
1912 19120000 129.0
1913 19130000 86.0
1914 19140000 70.0
1915 19150000 75.7
1916 19160000 46.7
1917 19170000 35.0
1918 19180000 61.7
1919 19190000 105.7
1920 19200000 55.3
1921 19210000 39.0
1922 19220000 65.7
1923 19230000 186.7
1924 19240000 156.3
1925 19250000 112.0
1926 19260000 81.7
1927 19270000 84.7
1928 19280000 59.7
1929 19290000 39.3
1930 19300000 79.3
1931 19310000 81.7
1932 19320000 98.3
1933 19330000 106.3
1934 19340000 87.7
1935 19350000 54.3
1936 19360000 123.0
1937 19370000 102.3
1938 19380000 44.3
1939 19390000 120.7
1940 19400000 62.7
1941 19410000 71.3
1942 19420000 104.7
1943 19430000 105.7
1944 19440000 43.0
1945 19450000 69.3
1946 19460000 105.3
1947 19470000 23.3
1948 19480000 62.0
1949 19490000 116.7
1950 19500000 67.0
1951 19510000 144.3
1952 19520000 46.3
1953 19530000 94.7
1954 19540000 47.3
1955 19550000 68.3
1956 19560000 108.0
1957 19570000 56.0
1958 19580000 45.3
1959 19590000 61.7
1960 19600000 32.3
1961 19610000 91.7
1962 19620000 71.0
1963 19630000 169.7
1964 19640000 72.0
1965 19650000 52.0
1966 19660000 162.0
1967 19670000 37.3
1968 19680000 24.0
1969 19690000 118.0
1970 19700000 65.7
1971 19710000 27.3
1972 19720000 54.7
1973 19730000 30.7
1974 19740000 72.7
1975 19750000 34.0
1976 19760000 45.0
1977 19770000 30.7
1978 19780000 69.3
1979 19790000 134.0
1980 19800000 70.0
1981 19810000 47.7
1982 19820000 59.3
1983 19830000 15.3
1984 19840000 42.7
1985 19850000 98.3
1986 19860000 87.3
1987 19870000 58.3
1988 19880000 65.3
1989 19890000 96.0
1990 19900000 108.0
1991 19910000 34.0
1992 19920000 137.7
1993 19930000 102.0
1994 19940000 114.3
1995 19950000 94.7
1996 19960000 64.3
1997 19970000 133.7
1998 19980000 38.7
1999 19990000 53.0
2000 20000000 55.7
2001 20010000 69.0
2002 20020000 41.3
2003 20030000 57.3
2004 20040000 129.7
2005 20050000 89.0
2006 20060000 23.3
2007 20070000 43.3
2008 20080000 106.0
2009 20090000 93.0
2010 20100000 70.7
2011 20110000 53.3
2012 20120000 110.3
2013 20130000 72.7
2014 20140000 20.3
2015 20150000 149.3
2016 20160000 142.0
2017 20170000 178.3
2018 20180000 29.3
2019 20190000 131.7
2020 20200000 81.7
2021 20210000 80.3
2022 20220000 130.7
2023 20230000 113.3
2024 20240000 144.3
2025 20250000 36.7
2026 20260000 71.0
2027 20270000 59.0
2028 20280000 47.7
2029 20290000 45.7
2030 20300000 67.7
2031 20310000 80.7
2032 20320000 50.7
2033 20330000 35.0
2034 20340000 47.7
2035 20350000 137.0
2036 20360000 23.0
2037 20370000 82.0
2038 20380000 102.3
2039 20390000 112.0
2040 20400000 73.3
2041 20410000 136.3
2042 20420000 70.3
2043 20430000 47.3
2044 20440000 158.0
2045 20450000 48.7
2046 20460000 33.3
2047 20470000 32.0
2048 20480000 80.3
2049 20490000 76.3
2050 20500000 129.7
2051 20510000 138.7
2052 20520000 107.0
2053 20530000 103.3
2054 20540000 33.0
2055 20550000 169.0
2056 20560000 43.0
2057 20570000 88.3
2058 20580000 121.7
2059 20590000 60.0
2060 20600000 100.7
2061 20610000 52.0
2062 20620000 163.3
2063 20630000 47.0
2064 20640000 105.3
2065 20650000 135.7
2066 20660000 46.0
2067 20670000 59.7
2068 20680000 47.7
2069 20690000 91.3
2070 20700000 62.3
2071 20710000 88.0
2072 20720000 97.3
2073 20730000 66.7
2074 20740000 76.0
2075 20750000 112.7
2076 20760000 100.7
2077 20770000 79.3
2078 20780000 64.0
2079 20790000 69.3
2080 20800000 36.0
2081 20810000 83.7
2082 20820000 124.3
2083 20830000 148.7
2084 20840000 84.0
2085 20850000 83.3
2086 20860000 39.0
2087 20870000 34.3
2088 20880000 20.7
2089 20890000 18.0
2090 20900000 59.0
2091 20910000 37.7
2092 20920000 42.0
2093 20930000 93.3
2094 20940000 94.7
2095 20950000 44.3
2096 20960000 61.0
2097 20970000 82.7
2098 20980000 39.0
2099 20990000 57.7
2100 21000000 130.0
2101 21010000 108.0
2102 21020000 82.0
2103 21030000 44.7
2104 21040000 75.3
2105 21050000 118.3
2106 21060000 70.7
2107 21070000 69.0
2108 21080000 108.7
2109 21090000 107.0
2110 21100000 29.3
2111 21110000 86.3
2112 21120000 40.7
2113 21130000 39.0
2114 21140000 115.7
2115 21150000 204.7
2116 21160000 95.3
2117 21170000 52.7
2118 21180000 138.7
2119 21190000 69.7
2120 21200000 112.7
2121 21210000 149.3
2122 21220000 46.7
2123 21230000 31.3
2124 21240000 70.7
2125 21250000 86.0
2126 21260000 140.3
2127 21270000 110.3
2128 21280000 50.3
2129 21290000 60.3
2130 21300000 92.7
2131 21310000 38.0
2132 21320000 109.7
2133 21330000 110.3
2134 21340000 78.7
2135 21350000 62.0
2136 21360000 66.3
2137 21370000 80.0
2138 21380000 54.3
2139 21390000 112.3
2140 21400000 118.0
2141 21410000 99.3
2142 21420000 94.7
2143 21430000 120.3
2144 21440000 52.7
2145 21450000 37.7
2146 21460000 128.0
2147 21470000 27.7
2148 21480000 44.7
2149 21490000 94.7
2150 21500000 77.7
2151 21510000 48.7
2152 21520000 168.3
2153 21530000 95.0
2154 21540000 104.3
2155 21550000 125.7
2156 21560000 51.7
2157 21570000 183.0
2158 21580000 96.0
2159 21590000 50.7
2160 21600000 103.7
2161 21610000 66.7
2162 21620000 61.3
2163 21630000 34.7
2164 21640000 54.0
2165 21650000 64.3
2166 21660000 92.7
2167 21670000 33.7
2168 21680000 133.0
2169 21690000 136.3
2170 21700000 47.7
2171 21710000 159.3
2172 21720000 94.7
2173 21730000 59.7
2174 21740000 42.7
2175 21750000 91.0
2176 21760000 125.7
2177 21770000 37.7
2178 21780000 83.3
2179 21790000 61.7
2180 21800000 49.3
2181 21810000 58.0
2182 21820000 57.0
2183 21830000 116.7
2184 21840000 153.3
2185 21850000 113.0
2186 21860000 72.0
2187 21870000 89.0
2188 21880000 61.7
2189 21890000 81.0
2190 21900000 38.3
2191 21910000 138.3
2192 21920000 83.3
2193 21930000 85.3
2194 21940000 37.3
2195 21950000 67.0
2196 21960000 48.7
2197 21970000 45.0
2198 21980000 59.7
2199 21990000 50.7
2200 22000000 104.7
2201 22010000 63.3
2202 22020000 142.0
2203 22030000 38.3
2204 22040000 135.3
2205 22050000 45.3
2206 22060000 115.3
2207 22070000 60.7
2208 22080000 36.7
2209 22090000 44.0
2210 22100000 22.7
2211 22110000 80.3
2212 22120000 45.0
2213 22130000 63.7
2214 22140000 40.0
2215 22150000 63.7
2216 22160000 70.7
2217 22170000 52.0
2218 22180000 98.0
2219 22190000 119.0
2220 22200000 22.7
2221 22210000 80.3
2222 22220000 27.0
2223 22230000 60.0
2224 22240000 48.3
2225 22250000 30.7
2226 22260000 85.3
2227 22270000 67.0
2228 22280000 99.0
2229 22290000 49.0
2230 22300000 192.7
2231 22310000 103.7
2232 22320000 47.0
2233 22330000 68.0
2234 22340000 52.0
2235 22350000 76.0
2236 22360000 52.7
2237 22370000 88.3
2238 22380000 58.7
2239 22390000 75.0
2240 22400000 64.0
2241 22410000 73.7
2242 22420000 47.7
2243 22430000 32.0
2244 22440000 31.0
2245 22450000 189.7
2246 22460000 105.7
2247 22470000 62.0
2248 22480000 119.7
2249 22490000 91.3
2250 22500000 64.7
2251 22510000 74.0
2252 22520000 113.7
2253 22530000 138.7
2254 22540000 49.7
2255 22550000 122.0
2256 22560000 106.7
2257 22570000 73.7
2258 22580000 26.3
2259 22590000 36.0
2260 22600000 48.3
2261 22610000 85.3
2262 22620000 57.0
2263 22630000 79.7
2264 22640000 64.7
2265 22650000 15.7
2266 22660000 120.0
2267 22670000 91.0
2268 22680000 41.0
2269 22690000 163.0
2270 22700000 137.3
2271 22710000 61.0
2272 22720000 25.3
2273 22730000 74.7
2274 22740000 78.3
2275 22750000 24.3
2276 22760000 152.7
2277 22770000 135.0
2278 22780000 91.0
2279 22790000 68.7
2280 22800000 88.7
2281 22810000 27.7
2282 22820000 92.7
2283 22830000 87.0
2284 22840000 120.7
2285 22850000 66.0
2286 22860000 81.0
2287 22870000 74.3
2288 22880000 55.3
2289 22890000 123.0
2290 22900000 34.3
2291 22910000 57.3
2292 22920000 43.3
2293 22930000 77.0
2294 22940000 120.7
2295 22950000 47.7
2296 22960000 86.3
2297 22970000 72.3
2298 22980000 86.0
2299 22990000 60.7
2300 23000000 62.7
2301 23010000 28.7
2302 23020000 77.3
2303 23030000 69.7
2304 23040000 58.3
2305 23050000 70.3
2306 23060000 43.3
2307 23070000 216.3
2308 23080000 47.7
2309 23090000 73.0
2310 23100000 65.0
2311 23110000 50.7
2312 23120000 109.0
2313 23130000 106.7
2314 23140000 135.0
2315 23150000 174.3
2316 23160000 77.0
2317 23170000 69.7
2318 23180000 38.7
2319 23190000 66.0
2320 23200000 80.3
2321 23210000 71.3
2322 23220000 35.3
2323 23230000 82.7
2324 23240000 26.7
2325 23250000 40.0
2326 23260000 55.3
2327 23270000 66.3
2328 23280000 196.0
2329 23290000 113.7
2330 23300000 35.0
2331 23310000 30.0
2332 23320000 94.7
2333 23330000 53.3
2334 23340000 50.0
2335 23350000 95.7
2336 23360000 63.3
2337 23370000 72.7
2338 23380000 51.0
2339 23390000 97.3
2340 23400000 105.3
2341 23410000 75.7
2342 23420000 91.0
2343 23430000 66.7
2344 23440000 52.0
2345 23450000 73.0
2346 23460000 74.0
2347 23470000 87.7
2348 23480000 48.0
2349 23490000 30.0
2350 23500000 63.7
2351 23510000 40.7
2352 23520000 65.3
2353 23530000 51.0
2354 23540000 44.3
2355 23550000 85.7
2356 23560000 51.7
2357 23570000 127.7
2358 23580000 54.7
2359 23590000 103.0
2360 23600000 111.3
2361 23610000 61.0
2362 23620000 47.0
2363 23630000 88.3
2364 23640000 78.0
2365 23650000 17.3
2366 23660000 65.7
2367 23670000 55.0
2368 23680000 56.0
2369 23690000 44.0
2370 23700000 113.7
2371 23710000 31.0
2372 23720000 110.0
2373 23730000 66.7
2374 23740000 40.7
2375 23750000 39.7
2376 23760000 128.7
2377 23770000 71.0
2378 23780000 58.3
2379 23790000 37.7
2380 23800000 90.3
2381 23810000 68.7
2382 23820000 77.7
2383 23830000 54.7
2384 23840000 108.3
2385 23850000 40.7
2386 23860000 67.7
2387 23870000 89.0
2388 23880000 112.7
2389 23890000 61.7
2390 23900000 119.0
2391 23910000 77.0
2392 23920000 44.0
2393 23930000 41.7
2394 23940000 83.3
2395 23950000 42.3
2396 23960000 102.0
2397 23970000 89.3
2398 23980000 30.7
2399 23990000 50.3
2400 24000000 49.3
2401 24010000 47.3
2402 24020000 17.0
2403 24030000 74.7
2404 24040000 75.7
2405 24050000 86.3
2406 24060000 60.7
2407 24070000 101.0
2408 24080000 67.0
2409 24090000 122.3
2410 24100000 120.3
2411 24110000 118.3
2412 24120000 113.3
2413 24130000 110.7
2414 24140000 93.3
2415 24150000 91.0
2416 24160000 122.7
2417 24170000 45.3
2418 24180000 56.7
2419 24190000 49.0
2420 24200000 52.7
2421 24210000 31.0
2422 24220000 39.0
2423 24230000 84.3
2424 24240000 21.7
2425 24250000 152.0
2426 24260000 118.0
2427 24270000 111.3
2428 24280000 152.3
2429 24290000 101.3
2430 24300000 43.7
2431 24310000 109.7
2432 24320000 40.0
2433 24330000 71.3
2434 24340000 102.3
2435 24350000 41.7
2436 24360000 55.3
2437 24370000 61.0
2438 24380000 42.7
2439 24390000 80.3
2440 24400000 91.0
2441 24410000 101.0
2442 24420000 36.0
2443 24430000 107.3
2444 24440000 142.7
2445 24450000 74.0
2446 24460000 58.3
2447 24470000 46.3
2448 24480000 112.7
2449 24490000 103.0
2450 24500000 49.3
2451 24510000 50.7
2452 24520000 24.7
2453 24530000 109.3
2454 24540000 175.3
2455 24550000 113.3
2456 24560000 84.0
2457 24570000 77.0
2458 24580000 101.7
2459 24590000 184.7
2460 24600000 68.7
2461 24610000 54.0
2462 24620000 65.3
2463 24630000 60.3
2464 24640000 116.3
2465 24650000 62.3
2466 24660000 102.3
2467 24670000 99.7
2468 24680000 78.0
2469 24690000 78.7
2470 24700000 74.3
2471 24710000 24.0
2472 24720000 47.7
2473 24730000 24.0
2474 24740000 57.7
2475 24750000 37.0
2476 24760000 113.7
2477 24770000 59.7
2478 24780000 32.7
2479 24790000 84.3
2480 24800000 39.7
2481 24810000 42.3
2482 24820000 95.0
2483 24830000 144.7
2484 24840000 44.0
2485 24850000 81.0
2486 24860000 60.3
2487 24870000 41.3
2488 24880000 111.0
2489 24890000 44.7
2490 24900000 42.3
2491 24910000 45.7
2492 24920000 57.7
2493 24930000 42.0
2494 24940000 73.7
2495 24950000 54.0
2496 24960000 50.7
2497 24970000 103.0
2498 24980000 96.7
2499 24990000 86.0
2500 25000000 107.3
2501 25010000 180.3
2502 25020000 124.0
2503 25030000 83.7
2504 25040000 60.3
2505 25050000 84.7
2506 25060000 53.7
2507 25070000 74.0
2508 25080000 66.7
2509 25090000 38.7
2510 25100000 86.0
2511 25110000 35.3
2512 25120000 83.0
2513 25130000 32.7
2514 25140000 99.0
2515 25150000 44.7
2516 25160000 49.7
2517 25170000 99.3
2518 25180000 82.7
2519 25190000 44.3
2520 25200000 86.7
2521 25210000 89.0
2522 25220000 149.3
2523 25230000 55.7
2524 25240000 94.0
2525 25250000 83.0
2526 25260000 169.0
2527 25270000 117.7
2528 25280000 42.7
2529 25290000 98.3
2530 25300000 48.3
2531 25310000 45.7
2532 25320000 36.3
2533 25330000 32.0
2534 25340000 138.3
2535 25350000 163.7
2536 25360000 63.7
2537 25370000 111.3
2538 25380000 125.3
2539 25390000 41.3
2540 25400000 65.3
2541 25410000 56.3
2542 25420000 39.0
2543 25430000 66.7
2544 25440000 65.0
2545 25450000 41.7
2546 25460000 47.0
2547 25470000 43.3
2548 25480000 206.0
2549 25490000 33.0
2550 25500000 103.0
2551 25510000 41.7
2552 25520000 27.0
2553 25530000 83.7
2554 25540000 64.3
2555 25550000 77.7
2556 25560000 43.0
2557 25570000 57.3
2558 25580000 29.7
2559 25590000 33.0
2560 25600000 37.3
2561 25610000 22.7
2562 25620000 45.0
2563 25630000 125.3
2564 25640000 83.3
2565 25650000 44.3
2566 25660000 52.0
2567 25670000 83.3
2568 25680000 108.0
2569 25690000 65.3
2570 25700000 114.0
2571 25710000 114.7
2572 25720000 78.0
2573 25730000 54.7
2574 25740000 108.0
2575 25750000 39.7
2576 25760000 40.7
2577 25770000 104.0
2578 25780000 94.7
2579 25790000 39.0
2580 25800000 84.7
2581 25810000 45.7
2582 25820000 26.7
2583 25830000 58.7
2584 25840000 80.7
2585 25850000 75.7
2586 25860000 96.3
2587 25870000 75.3
2588 25880000 112.7
2589 25890000 85.0
2590 25900000 66.7
2591 25910000 113.7
2592 25920000 49.3
2593 25930000 124.3
2594 25940000 41.0
2595 25950000 72.3
2596 25960000 41.7
2597 25970000 85.3
2598 25980000 108.7
2599 25990000 58.7
2600 26000000 23.7
2601 26010000 71.7
2602 26020000 76.7
2603 26030000 36.3
2604 26040000 46.0
2605 26050000 40.3
2606 26060000 81.7
2607 26070000 73.7
2608 26080000 81.0
2609 26090000 31.0
2610 26100000 60.0
2611 26110000 38.0
2612 26120000 55.7
2613 26130000 68.0
2614 26140000 116.0
2615 26150000 101.7
2616 26160000 90.0
2617 26170000 93.3
2618 26180000 151.0
2619 26190000 73.7
2620 26200000 39.3
2621 26210000 73.0
2622 26220000 27.0
2623 26230000 43.7
2624 26240000 92.7
2625 26250000 54.7
2626 26260000 43.3
2627 26270000 17.0
2628 26280000 70.7
2629 26290000 41.0
2630 26300000 71.7
2631 26310000 48.0
2632 26320000 97.3
2633 26330000 83.3
2634 26340000 51.0
2635 26350000 44.3
2636 26360000 82.7
2637 26370000 138.3
2638 26380000 83.0
2639 26390000 63.0
2640 26400000 39.7
2641 26410000 46.7
2642 26420000 30.0
2643 26430000 62.7
2644 26440000 101.0
2645 26450000 51.3
2646 26460000 100.7
2647 26470000 56.7
2648 26480000 11.7
2649 26490000 30.3
2650 26500000 25.3
2651 26510000 39.7
2652 26520000 63.0
2653 26530000 93.0
2654 26540000 111.3
2655 26550000 111.3
2656 26560000 57.7
2657 26570000 124.0
2658 26580000 34.7
2659 26590000 89.7
2660 26600000 134.3
2661 26610000 32.7
2662 26620000 110.3
2663 26630000 80.7
2664 26640000 54.3
2665 26650000 113.3
2666 26660000 41.0
2667 26670000 51.0
2668 26680000 88.7
2669 26690000 49.3
2670 26700000 54.0
2671 26710000 95.3
2672 26720000 40.3
2673 26730000 52.7
2674 26740000 98.3
2675 26750000 77.0
2676 26760000 79.0
2677 26770000 150.7
2678 26780000 41.0
2679 26790000 25.7
2680 26800000 29.7
2681 26810000 28.7
2682 26820000 87.0
2683 26830000 139.3
2684 26840000 25.7
2685 26850000 176.3
2686 26860000 105.0
2687 26870000 42.3
2688 26880000 48.0
2689 26890000 94.0
2690 26900000 83.3
2691 26910000 114.3
2692 26920000 45.0
2693 26930000 148.3
2694 26940000 34.0
2695 26950000 50.0
2696 26960000 51.3
2697 26970000 33.0
2698 26980000 98.0
2699 26990000 31.3
2700 27000000 32.0
2701 27010000 43.3
2702 27020000 140.3
2703 27030000 72.7
2704 27040000 22.7
2705 27050000 46.7
2706 27060000 39.7
2707 27070000 79.3
2708 27080000 142.0
2709 27090000 90.0
2710 27100000 31.3
2711 27110000 49.7
2712 27120000 39.3
2713 27130000 85.7
2714 27140000 72.0
2715 27150000 84.0
2716 27160000 61.0
2717 27170000 50.3
2718 27180000 62.0
2719 27190000 32.7
2720 27200000 82.7
2721 27210000 37.3
2722 27220000 40.7
2723 27230000 134.7
2724 27240000 61.0
2725 27250000 82.7
2726 27260000 45.3
2727 27270000 34.3
2728 27280000 64.7
2729 27290000 55.0
2730 27300000 47.0
2731 27310000 51.7
2732 27320000 45.3
2733 27330000 143.0
2734 27340000 82.0
2735 27350000 115.7
2736 27360000 80.7
2737 27370000 89.3
2738 27380000 98.0
2739 27390000 26.3
2740 27400000 63.7
2741 27410000 91.7
2742 27420000 55.0
2743 27430000 31.7
2744 27440000 164.7
2745 27450000 95.7
2746 27460000 89.0
2747 27470000 89.0
2748 27480000 43.0
2749 27490000 76.3
2750 27500000 145.7
2751 27510000 25.3
2752 27520000 92.7
2753 27530000 33.3
2754 27540000 43.0
2755 27550000 32.0
2756 27560000 41.3
2757 27570000 59.0
2758 27580000 58.7
2759 27590000 97.0
2760 27600000 56.0
2761 27610000 41.3
2762 27620000 62.0
2763 27630000 42.3
2764 27640000 32.7
2765 27650000 26.3
2766 27660000 48.0
2767 27670000 69.3
2768 27680000 112.3
2769 27690000 74.7
2770 27700000 110.0
2771 27710000 111.3
2772 27720000 47.3
2773 27730000 47.3
2774 27740000 9.7
2775 27750000 53.0
2776 27760000 102.0
2777 27770000 80.3
2778 27780000 53.0
2779 27790000 67.0
2780 27800000 40.7
2781 27810000 69.7
2782 27820000 48.0
2783 27830000 68.0
2784 27840000 61.3
2785 27850000 215.0
2786 27860000 118.3
2787 27870000 73.0
2788 27880000 50.0
2789 27890000 115.3
2790 27900000 91.0
2791 27910000 79.3
2792 27920000 100.3
2793 27930000 35.0
2794 27940000 121.3
2795 27950000 45.7
2796 27960000 62.7
2797 27970000 98.0
2798 27980000 63.0
2799 27990000 33.0
2800 28000000 81.0
2801 28010000 38.3
2802 28020000 96.3
2803 28030000 43.0
2804 28040000 69.0
2805 28050000 61.7
2806 28060000 46.3
2807 28070000 100.0
2808 28080000 59.7
2809 28090000 54.0
2810 28100000 109.3
2811 28110000 75.7
2812 28120000 76.7
2813 28130000 58.0
2814 28140000 62.0
2815 28150000 39.3
2816 28160000 69.3
2817 28170000 56.7
2818 28180000 65.3
2819 28190000 52.0
2820 28200000 30.3
2821 28210000 56.7
2822 28220000 50.0
2823 28230000 69.7
2824 28240000 55.7
2825 28250000 115.7
2826 28260000 65.3
2827 28270000 27.3
2828 28280000 35.3
2829 28290000 55.7
2830 28300000 27.0
2831 28310000 18.7
2832 28320000 37.3
2833 28330000 88.0
2834 28340000 10.7
2835 28350000 115.7
2836 28360000 86.7
2837 28370000 49.0
2838 28380000 130.0
2839 28390000 69.3
2840 28400000 112.0
2841 28410000 66.7
2842 28420000 51.7
2843 28430000 29.3
2844 28440000 17.7
2845 28450000 67.0
2846 28460000 43.7
2847 28470000 34.7
2848 28480000 50.0
2849 28490000 69.7
2850 28500000 62.0
2851 28510000 66.0
2852 28520000 130.7
2853 28530000 49.7
2854 28540000 68.7
2855 28550000 117.0
2856 28560000 116.7
2857 28570000 41.0
2858 28580000 58.7
2859 28590000 66.7
2860 28600000 132.7
2861 28610000 50.3
2862 28620000 31.3
2863 28630000 87.3
2864 28640000 114.3
2865 28650000 146.7
2866 28660000 109.3
2867 28670000 42.3
2868 28680000 68.7
2869 28690000 38.0
2870 28700000 46.3
2871 28710000 149.3
2872 28720000 115.3
2873 28730000 101.7
2874 28740000 154.0
2875 28750000 62.3
2876 28760000 35.7
2877 28770000 46.7
2878 28780000 44.3
2879 28790000 30.3
2880 28800000 149.0
2881 28810000 124.3
2882 28820000 59.7
2883 28830000 23.3
2884 28840000 55.7
2885 28850000 27.0
2886 28860000 34.7
2887 28870000 144.0
2888 28880000 98.7
2889 28890000 33.0
2890 28900000 80.7
2891 28910000 161.7
2892 28920000 82.0
2893 28930000 46.7
2894 28940000 34.0
2895 28950000 68.7
2896 28960000 95.3
2897 28970000 65.7
2898 28980000 38.0
2899 28990000 135.3
2900 29000000 125.3
2901 29010000 131.3
2902 29020000 30.3
2903 29030000 86.3
2904 29040000 87.3
2905 29050000 115.7
2906 29060000 55.7
2907 29070000 141.3
2908 29080000 66.0
2909 29090000 7.7
2910 29100000 13.0
2911 29110000 15.3
2912 29120000 44.7
2913 29130000 20.0
2914 29140000 65.0
2915 29150000 42.3
2916 29160000 106.3
2917 29170000 52.0
2918 29180000 59.7
2919 29190000 80.0
2920 29200000 149.0
2921 29210000 61.7
2922 29220000 58.0
2923 29230000 37.7
2924 29240000 42.3
2925 29250000 56.7
2926 29260000 88.3
2927 29270000 62.3
2928 29280000 104.7
2929 29290000 71.3
2930 29300000 118.7
2931 29310000 98.7
2932 29320000 136.7
2933 29330000 99.7
2934 29340000 35.0
2935 29350000 90.3
2936 29360000 65.3
2937 29370000 74.7
2938 29380000 35.0
2939 29390000 54.7
2940 29400000 91.7
2941 29410000 49.7
2942 29420000 97.0
2943 29430000 78.7
2944 29440000 96.0
2945 29450000 218.7
2946 29460000 150.7
2947 29470000 99.7
2948 29480000 35.0
2949 29490000 162.0
2950 29500000 153.3
2951 29510000 46.3
2952 29520000 216.7
2953 29530000 147.0
2954 29540000 80.7
2955 29550000 148.3
2956 29560000 138.0
2957 29570000 46.0
2958 29580000 93.3
2959 29590000 47.3
2960 29600000 53.7
2961 29610000 64.3
2962 29620000 59.0
2963 29630000 113.0
2964 29640000 52.3
2965 29650000 36.3
2966 29660000 93.7
2967 29670000 35.3
2968 29680000 138.0
2969 29690000 61.3
2970 29700000 50.3
2971 29710000 121.0
2972 29720000 196.0
2973 29730000 79.7
2974 29740000 62.0
2975 29750000 20.7
2976 29760000 50.3
2977 29770000 46.3
2978 29780000 131.7
2979 29790000 70.3
2980 29800000 28.3
2981 29810000 96.0
2982 29820000 48.0
2983 29830000 83.3
2984 29840000 86.3
2985 29850000 146.0
2986 29860000 78.3
2987 29870000 48.0
2988 29880000 120.0
2989 29890000 94.7
2990 29900000 45.0
2991 29910000 57.0
2992 29920000 49.0
2993 29930000 71.0
2994 29940000 122.7
2995 29950000 108.0
2996 29960000 124.0
2997 29970000 118.7
2998 29980000 52.7
2999 29990000 78.7
3000 30000000 35.0
3001 30010000 46.0
3002 30020000 47.0
3003 30030000 98.3
3004 30040000 32.3
3005 30050000 103.0
3006 30060000 53.7
3007 30070000 92.3
3008 30080000 104.3
3009 30090000 47.7
3010 30100000 50.7
3011 30110000 41.3
3012 30120000 51.0
3013 30130000 154.7
3014 30140000 83.3
3015 30150000 94.3
3016 30160000 28.0
3017 30170000 73.3
3018 30180000 63.3
3019 30190000 214.0
3020 30200000 45.7
3021 30210000 47.0
3022 30220000 58.0
3023 30230000 45.0
3024 30240000 129.3
3025 30250000 141.3
3026 30260000 61.3
3027 30270000 96.7
3028 30280000 36.7
3029 30290000 50.0
3030 30300000 241.7
3031 30310000 53.0
3032 30320000 71.0
3033 30330000 135.0
3034 30340000 41.7
3035 30350000 98.7
3036 30360000 60.3
3037 30370000 60.0
3038 30380000 34.3
3039 30390000 68.7
3040 30400000 75.0
3041 30410000 50.0
3042 30420000 31.3
3043 30430000 28.0
3044 30440000 37.3
3045 30450000 70.3
3046 30460000 47.7
3047 30470000 98.0
3048 30480000 110.3
3049 30490000 39.7
3050 30500000 107.3
3051 30510000 63.0
3052 30520000 44.3
3053 30530000 132.7
3054 30540000 126.3
3055 30550000 52.0
3056 30560000 64.7
3057 30570000 73.7
3058 30580000 112.7
3059 30590000 55.0
3060 30600000 153.3
3061 30610000 24.3
3062 30620000 64.0
3063 30630000 21.7
3064 30640000 71.7
3065 30650000 80.7
3066 30660000 34.7
3067 30670000 54.7
3068 30680000 66.7
3069 30690000 46.0
3070 30700000 101.3
3071 30710000 28.7
3072 30720000 52.7
3073 30730000 78.3
3074 30740000 57.3
3075 30750000 98.7
3076 30760000 34.3
3077 30770000 36.7
3078 30780000 113.7
3079 30790000 107.0
3080 30800000 40.3
3081 30810000 38.0
3082 30820000 31.0
3083 30830000 135.3
3084 30840000 89.0
3085 30850000 73.3
3086 30860000 16.7
3087 30870000 69.0
3088 30880000 54.3
3089 30890000 59.3
3090 30900000 96.7
3091 30910000 45.3
3092 30920000 101.0
3093 30930000 101.0
3094 30940000 86.3
3095 30950000 107.0
3096 30960000 47.7
3097 30970000 115.7
3098 30980000 36.7
3099 30990000 28.3
3100 31000000 39.7
3101 31010000 47.3
3102 31020000 69.7
3103 31030000 37.0
3104 31040000 56.7
3105 31050000 53.7
3106 31060000 140.0
3107 31070000 84.7
3108 31080000 168.0
3109 31090000 129.3
3110 31100000 95.3
3111 31110000 38.7
3112 31120000 154.3
3113 31130000 60.3
3114 31140000 97.0
3115 31150000 82.3
3116 31160000 111.0
3117 31170000 28.7
3118 31180000 74.0
3119 31190000 43.0
3120 31200000 84.3
3121 31210000 84.0
3122 31220000 114.0
3123 31230000 18.7
3124 31240000 105.7
3125 31250000 71.3
3126 31260000 78.7
3127 31270000 118.7
3128 31280000 61.7
3129 31290000 64.7
3130 31300000 110.3
3131 31310000 23.0
3132 31320000 120.3
3133 31330000 104.7
3134 31340000 68.3
3135 31350000 52.0
3136 31360000 41.0
3137 31370000 29.7
3138 31380000 75.0
3139 31390000 98.0
3140 31400000 106.3
3141 31410000 34.7
3142 31420000 81.3
3143 31430000 43.7
3144 31440000 165.0
3145 31450000 67.7
3146 31460000 169.7
3147 31470000 55.7
3148 31480000 42.0
3149 31490000 108.0
3150 31500000 63.7
3151 31510000 61.3
3152 31520000 26.7
3153 31530000 68.7
3154 31540000 40.7
3155 31550000 25.3
3156 31560000 89.7
3157 31570000 107.7
3158 31580000 36.0
3159 31590000 122.0
3160 31600000 111.7
3161 31610000 131.7
3162 31620000 32.7
3163 31630000 36.3
3164 31640000 102.7
3165 31650000 57.3
3166 31660000 39.3
3167 31670000 62.0
3168 31680000 19.3
3169 31690000 30.0
3170 31700000 64.3
3171 31710000 22.0
3172 31720000 98.3
3173 31730000 59.0
3174 31740000 18.0
3175 31750000 52.3
3176 31760000 62.0
3177 31770000 54.7
3178 31780000 82.0
3179 31790000 52.7
3180 31800000 32.7
3181 31810000 80.3
3182 31820000 43.7
3183 31830000 121.7
3184 31840000 146.3
3185 31850000 54.0
3186 31860000 63.3
3187 31870000 53.7
3188 31880000 80.7
3189 31890000 91.7
3190 31900000 41.0
3191 31910000 59.7
3192 31920000 93.7
3193 31930000 67.0
3194 31940000 72.3
3195 31950000 111.7
3196 31960000 103.3
3197 31970000 163.7
3198 31980000 90.3
3199 31990000 60.7
3200 32000000 67.3
3201 32010000 74.3
3202 32020000 158.0
3203 32030000 96.0
3204 32040000 76.3
3205 32050000 77.3
3206 32060000 108.3
3207 32070000 61.3
3208 32080000 59.3
3209 32090000 63.7
3210 32100000 38.0
3211 32110000 84.3
3212 32120000 118.0
3213 32130000 39.3
3214 32140000 123.0
3215 32150000 38.7
3216 32160000 78.3
3217 32170000 51.7
3218 32180000 84.0
3219 32190000 73.3
3220 32200000 95.7
3221 32210000 70.3
3222 32220000 57.3
3223 32230000 88.0
3224 32240000 69.0
3225 32250000 35.7
3226 32260000 51.7
3227 32270000 58.7
3228 32280000 62.0
3229 32290000 39.0
3230 32300000 43.3
3231 32310000 51.3
3232 32320000 143.3
3233 32330000 69.0
3234 32340000 121.0
3235 32350000 61.7
3236 32360000 63.3
3237 32370000 68.0
3238 32380000 147.3
3239 32390000 36.7
3240 32400000 103.0
3241 32410000 33.7
3242 32420000 35.0
3243 32430000 43.7
3244 32440000 108.0
3245 32450000 80.7
3246 32460000 116.3
3247 32470000 33.7
3248 32480000 26.3
3249 32490000 94.7
3250 32500000 36.0
3251 32510000 30.0
3252 32520000 117.0
3253 32530000 82.0
3254 32540000 135.3
3255 32550000 102.7
3256 32560000 112.3
3257 32570000 99.7
3258 32580000 68.0
3259 32590000 133.7
3260 32600000 134.0
3261 32610000 46.3
3262 32620000 100.3
3263 32630000 53.0
3264 32640000 71.3
3265 32650000 25.7
3266 32660000 125.0
3267 32670000 61.0
3268 32680000 16.7
3269 32690000 69.3
3270 32700000 104.0
3271 32710000 119.7
3272 32720000 88.3
3273 32730000 46.0
3274 32740000 49.7
3275 32750000 59.0
3276 32760000 74.7
3277 32770000 45.0
3278 32780000 79.7
3279 32790000 87.7
3280 32800000 138.7
3281 32810000 86.3
3282 32820000 113.0
3283 32830000 54.0
3284 32840000 62.3
3285 32850000 139.0
3286 32860000 96.7
3287 32870000 120.7
3288 32880000 28.3
3289 32890000 50.7
3290 32900000 88.7
3291 32910000 57.7
3292 32920000 75.0
3293 32930000 73.0
3294 32940000 142.0
3295 32950000 117.3
3296 32960000 103.0
3297 32970000 24.3
3298 32980000 191.7
3299 32990000 130.3
3300 33000000 84.0
3301 33010000 109.3
3302 33020000 57.7
3303 33030000 108.7
3304 33040000 47.3
3305 33050000 61.3
3306 33060000 61.7
3307 33070000 134.3
3308 33080000 137.7
3309 33090000 85.7
3310 33100000 100.7
3311 33110000 104.7
3312 33120000 98.0
3313 33130000 129.0
3314 33140000 57.0
3315 33150000 35.7
3316 33160000 110.0
3317 33170000 197.0
3318 33180000 43.3
3319 33190000 91.3
3320 33200000 33.7
3321 33210000 88.7
3322 33220000 62.3
3323 33230000 98.7
3324 33240000 76.7
3325 33250000 81.3
3326 33260000 52.3
3327 33270000 56.3
3328 33280000 51.7
3329 33290000 113.0
3330 33300000 88.0
3331 33310000 113.3
3332 33320000 27.7
3333 33330000 26.3
3334 33340000 47.3
3335 33350000 114.7
3336 33360000 63.0
3337 33370000 217.3
3338 33380000 91.7
3339 33390000 126.0
3340 33400000 45.0
3341 33410000 113.7
3342 33420000 21.3
3343 33430000 65.3
3344 33440000 125.0
3345 33450000 109.0
3346 33460000 46.0
3347 33470000 77.3
3348 33480000 79.3
3349 33490000 32.7
3350 33500000 193.3
3351 33510000 94.3
3352 33520000 40.3
3353 33530000 137.7
3354 33540000 67.3
3355 33550000 56.3
3356 33560000 27.7
3357 33570000 115.7
3358 33580000 23.3
3359 33590000 35.7
3360 33600000 48.3
3361 33610000 39.7
3362 33620000 77.0
3363 33630000 100.0
3364 33640000 30.7
3365 33650000 56.3
3366 33660000 66.7
3367 33670000 28.7
3368 33680000 46.3
3369 33690000 49.0
3370 33700000 40.0
3371 33710000 70.0
3372 33720000 50.3
3373 33730000 63.3
3374 33740000 27.7
3375 33750000 187.7
3376 33760000 94.0
3377 33770000 96.7
3378 33780000 131.7
3379 33790000 56.7
3380 33800000 40.3
3381 33810000 91.0
3382 33820000 61.3
3383 33830000 39.0
3384 33840000 56.0
3385 33850000 25.3
3386 33860000 68.7
3387 33870000 25.0
3388 33880000 30.7
3389 33890000 82.7
3390 33900000 122.3
3391 33910000 41.0
3392 33920000 36.3
3393 33930000 60.7
3394 33940000 104.7
3395 33950000 93.7
3396 33960000 106.0
3397 33970000 40.3
3398 33980000 85.3
3399 33990000 42.7
3400 34000000 85.7
3401 34010000 123.0
3402 34020000 122.0
3403 34030000 120.0
3404 34040000 56.3
3405 34050000 60.3
3406 34060000 106.3
3407 34070000 38.0
3408 34080000 55.0
3409 34090000 48.3
3410 34100000 74.7
3411 34110000 30.3
3412 34120000 41.7
3413 34130000 113.3
3414 34140000 151.3
3415 34150000 30.3
3416 34160000 54.0
3417 34170000 115.3
3418 34180000 34.0
3419 34190000 69.3
3420 34200000 97.3
3421 34210000 142.0
3422 34220000 79.7
3423 34230000 157.3
3424 34240000 132.7
3425 34250000 69.0
3426 34260000 48.0
3427 34270000 44.7
3428 34280000 76.7
3429 34290000 95.3
3430 34300000 79.7
3431 34310000 46.7
3432 34320000 150.0
3433 34330000 52.3
3434 34340000 46.3
3435 34350000 38.0
3436 34360000 67.3
3437 34370000 129.7
3438 34380000 34.0
3439 34390000 84.3
3440 34400000 66.0
3441 34410000 59.7
3442 34420000 107.0
3443 34430000 50.7
3444 34440000 75.7
3445 34450000 98.0
3446 34460000 136.0
3447 34470000 40.7
3448 34480000 54.0
3449 34490000 57.3
3450 34500000 90.7
3451 34510000 52.7
3452 34520000 48.7
3453 34530000 32.3
3454 34540000 73.7
3455 34550000 59.7
3456 34560000 57.3
3457 34570000 21.7
3458 34580000 55.0
3459 34590000 132.7
3460 34600000 67.3
3461 34610000 75.3
3462 34620000 113.0
3463 34630000 27.3
3464 34640000 78.7
3465 34650000 110.0
3466 34660000 63.0
3467 34670000 54.0
3468 34680000 51.3
3469 34690000 59.3
3470 34700000 40.0
3471 34710000 36.0
3472 34720000 95.7
3473 34730000 49.3
3474 34740000 61.0
3475 34750000 41.0
3476 34760000 129.0
3477 34770000 87.3
3478 34780000 84.3
3479 34790000 138.7
3480 34800000 56.0
3481 34810000 48.7
3482 34820000 35.3
3483 34830000 53.3
3484 34840000 43.7
3485 34850000 73.3
3486 34860000 200.0
3487 34870000 66.3
3488 34880000 55.0
3489 34890000 35.3
3490 34900000 54.3
3491 34910000 56.0
3492 34920000 43.0
3493 34930000 147.3
3494 34940000 59.7
3495 34950000 23.3
3496 34960000 128.0
3497 34970000 128.3
3498 34980000 27.0
3499 34990000 46.7
3500 35000000 73.0
3501 35010000 41.0
3502 35020000 82.0
3503 35030000 60.3
3504 35040000 82.3
3505 35050000 106.7
3506 35060000 63.0
3507 35070000 147.0
3508 35080000 59.3
3509 35090000 55.7
3510 35100000 38.3
3511 35110000 52.7
3512 35120000 71.0
3513 35130000 46.3
3514 35140000 67.0
3515 35150000 34.0
3516 35160000 36.0
3517 35170000 118.0
3518 35180000 63.3
3519 35190000 32.3
3520 35200000 22.7
3521 35210000 65.3
3522 35220000 43.3
3523 35230000 70.3
3524 35240000 66.0
3525 35250000 56.0
3526 35260000 116.0
3527 35270000 26.3
3528 35280000 42.3
3529 35290000 93.7
3530 35300000 35.7
3531 35310000 109.3
3532 35320000 64.7
3533 35330000 80.3
3534 35340000 46.7
3535 35350000 40.3
3536 35360000 163.3
3537 35370000 61.0
3538 35380000 129.7
3539 35390000 106.0
3540 35400000 37.3
3541 35410000 75.7
3542 35420000 51.3
3543 35430000 101.0
3544 35440000 124.7
3545 35450000 46.3
3546 35460000 30.7
3547 35470000 74.7
3548 35480000 131.0
3549 35490000 81.0
3550 35500000 36.3
3551 35510000 69.3
3552 35520000 88.0
3553 35530000 90.7
3554 35540000 83.0
3555 35550000 26.3
3556 35560000 43.3
3557 35570000 33.7
3558 35580000 50.3
3559 35590000 108.3
3560 35600000 63.7
3561 35610000 60.0
3562 35620000 56.3
3563 35630000 51.0
3564 35640000 74.7
3565 35650000 29.3
3566 35660000 60.3
3567 35670000 58.0
3568 35680000 62.0
3569 35690000 45.0
3570 35700000 41.0
3571 35710000 65.3
3572 35720000 35.0
3573 35730000 74.3
3574 35740000 37.7
3575 35750000 122.7
3576 35760000 79.7
3577 35770000 103.3
3578 35780000 109.0
3579 35790000 56.3
3580 35800000 124.7
3581 35810000 83.7
3582 35820000 191.3
3583 35830000 48.0
3584 35840000 145.7
3585 35850000 128.0
3586 35860000 52.0
3587 35870000 173.3
3588 35880000 69.0
3589 35890000 164.0
3590 35900000 40.0
3591 35910000 148.7
3592 35920000 139.0
3593 35930000 100.7
3594 35940000 96.3
3595 35950000 217.3
3596 35960000 73.0
3597 35970000 64.0
3598 35980000 158.0
3599 35990000 42.0
3600 36000000 138.7
3601 36010000 72.7
3602 36020000 72.0
3603 36030000 85.3
3604 36040000 129.7
3605 36050000 35.0
3606 36060000 109.7
3607 36070000 37.0
3608 36080000 121.3
3609 36090000 53.0
3610 36100000 57.0
3611 36110000 83.7
3612 36120000 134.3
3613 36130000 18.3
3614 36140000 92.0
3615 36150000 66.7
3616 36160000 130.0
3617 36170000 75.0
3618 36180000 63.0
3619 36190000 110.3
3620 36200000 51.3
3621 36210000 119.0
3622 36220000 52.0
3623 36230000 43.7
3624 36240000 118.7
3625 36250000 87.0
3626 36260000 33.3
3627 36270000 44.0
3628 36280000 37.0
3629 36290000 83.0
3630 36300000 114.0
3631 36310000 123.7
3632 36320000 62.0
3633 36330000 210.0
3634 36340000 36.0
3635 36350000 91.7
3636 36360000 128.0
3637 36370000 17.7
3638 36380000 54.3
3639 36390000 89.7
3640 36400000 142.0
3641 36410000 34.3
3642 36420000 36.7
3643 36430000 40.0
3644 36440000 29.7
3645 36450000 60.3
3646 36460000 56.3
3647 36470000 141.0
3648 36480000 80.3
3649 36490000 107.3
3650 36500000 30.0
3651 36510000 83.7
3652 36520000 52.0
3653 36530000 86.7
3654 36540000 79.7
3655 36550000 45.3
3656 36560000 51.7
3657 36570000 206.3
3658 36580000 91.7
3659 36590000 92.0
3660 36600000 55.3
3661 36610000 149.3
3662 36620000 103.3
3663 36630000 59.7
3664 36640000 55.3
3665 36650000 57.0
3666 36660000 68.3
3667 36670000 42.3
3668 36680000 60.0
3669 36690000 135.7
3670 36700000 47.3
3671 36710000 70.7
3672 36720000 42.3
3673 36730000 70.7
3674 36740000 56.0
3675 36750000 27.7
3676 36760000 52.0
3677 36770000 66.7
3678 36780000 89.0
3679 36790000 142.7
3680 36800000 94.0
3681 36810000 80.7
3682 36820000 66.0
3683 36830000 110.3
3684 36840000 64.3
3685 36850000 135.7
3686 36860000 101.3
3687 36870000 59.0
3688 36880000 40.0
3689 36890000 105.0
3690 36900000 53.3
3691 36910000 65.3
3692 36920000 43.3
3693 36930000 57.3
3694 36940000 34.0
3695 36950000 82.0
3696 36960000 44.3
3697 36970000 44.3
3698 36980000 165.7
3699 36990000 60.7
3700 37000000 51.3
3701 37010000 57.0
3702 37020000 23.0
3703 37030000 66.0
3704 37040000 150.7
3705 37050000 136.7
3706 37060000 94.3
3707 37070000 31.3
3708 37080000 47.7
3709 37090000 87.0
3710 37100000 124.3
3711 37110000 68.0
3712 37120000 66.7
3713 37130000 40.3
3714 37140000 70.0
3715 37150000 34.3
3716 37160000 119.7
3717 37170000 22.3
3718 37180000 32.0
3719 37190000 67.0
3720 37200000 18.7
3721 37210000 44.3
3722 37220000 95.0
3723 37230000 83.7
3724 37240000 48.3
3725 37250000 28.0
3726 37260000 116.3
3727 37270000 33.7
3728 37280000 19.3
3729 37290000 53.3
3730 37300000 74.3
3731 37310000 51.0
3732 37320000 37.0
3733 37330000 111.0
3734 37340000 37.7
3735 37350000 60.0
3736 37360000 59.3
3737 37370000 170.3
3738 37380000 41.7
3739 37390000 40.7
3740 37400000 123.7
3741 37410000 82.3
3742 37420000 105.3
3743 37430000 53.3
3744 37440000 26.7
3745 37450000 42.3
3746 37460000 191.7
3747 37470000 31.3
3748 37480000 78.3
3749 37490000 47.7
3750 37500000 55.7
3751 37510000 110.3
3752 37520000 121.3
3753 37530000 26.0
3754 37540000 108.3
3755 37550000 122.3
3756 37560000 28.7
3757 37570000 22.7
3758 37580000 37.7
3759 37590000 112.0
3760 37600000 131.3
3761 37610000 44.0
3762 37620000 54.7
3763 37630000 70.3
3764 37640000 44.3
3765 37650000 76.0
3766 37660000 68.0
3767 37670000 172.7
3768 37680000 48.3
3769 37690000 36.7
3770 37700000 104.3
3771 37710000 148.3
3772 37720000 42.0
3773 37730000 105.7
3774 37740000 18.3
3775 37750000 68.0
3776 37760000 99.7
3777 37770000 58.3
3778 37780000 57.7
3779 37790000 206.7
3780 37800000 55.0
3781 37810000 61.7
3782 37820000 130.3
3783 37830000 47.3
3784 37840000 101.3
3785 37850000 161.7
3786 37860000 25.3
3787 37870000 39.7
3788 37880000 60.3
3789 37890000 168.0
3790 37900000 65.7
3791 37910000 40.0
3792 37920000 91.7
3793 37930000 66.7
3794 37940000 96.3
3795 37950000 117.7
3796 37960000 39.0
3797 37970000 207.3
3798 37980000 39.7
3799 37990000 73.7
3800 38000000 103.3
3801 38010000 66.7
3802 38020000 130.3
3803 38030000 41.7
3804 38040000 34.3
3805 38050000 69.0
3806 38060000 21.3
3807 38070000 72.7
3808 38080000 42.3
3809 38090000 180.3
3810 38100000 128.3
3811 38110000 166.7
3812 38120000 81.0
3813 38130000 114.3
3814 38140000 51.7
3815 38150000 33.7
3816 38160000 40.7
3817 38170000 122.3
3818 38180000 130.0
3819 38190000 111.3
3820 38200000 84.3
3821 38210000 120.7
3822 38220000 28.7
3823 38230000 56.3
3824 38240000 66.7
3825 38250000 107.7
3826 38260000 57.7
3827 38270000 55.7
3828 38280000 140.3
3829 38290000 48.0
3830 38300000 20.0
3831 38310000 113.7
3832 38320000 25.7
3833 38330000 116.0
3834 38340000 43.7
3835 38350000 33.7
3836 38360000 19.3
3837 38370000 111.3
3838 38380000 56.7
3839 38390000 127.3
3840 38400000 64.0
3841 38410000 69.3
3842 38420000 113.7
3843 38430000 54.0
3844 38440000 255.0
3845 38450000 24.7
3846 38460000 39.3
3847 38470000 20.0
3848 38480000 131.7
3849 38490000 48.7
3850 38500000 135.7
3851 38510000 60.3
3852 38520000 61.7
3853 38530000 49.0
3854 38540000 62.0
3855 38550000 60.3
3856 38560000 43.7
3857 38570000 22.7
3858 38580000 47.0
3859 38590000 29.0
3860 38600000 98.3
3861 38610000 64.3
3862 38620000 43.7
3863 38630000 25.7
3864 38640000 46.0
3865 38650000 32.0
3866 38660000 27.7
3867 38670000 20.7
3868 38680000 86.3
3869 38690000 56.0
3870 38700000 47.0
3871 38710000 57.0
3872 38720000 66.0
3873 38730000 154.0
3874 38740000 146.0
3875 38750000 186.0
3876 38760000 33.3
3877 38770000 23.3
3878 38780000 34.7
3879 38790000 75.3
3880 38800000 52.7
3881 38810000 45.3
3882 38820000 65.0
3883 38830000 196.7
3884 38840000 88.3
3885 38850000 55.7
3886 38860000 63.3
3887 38870000 52.7
3888 38880000 46.3
3889 38890000 16.3
3890 38900000 131.0
3891 38910000 40.0
3892 38920000 125.7
3893 38930000 26.3
3894 38940000 169.0
3895 38950000 59.3
3896 38960000 91.0
3897 38970000 132.3
3898 38980000 174.0
3899 38990000 79.7
3900 39000000 54.0
3901 39010000 84.3
3902 39020000 127.3
3903 39030000 75.7
3904 39040000 113.3
3905 39050000 118.0
3906 39060000 155.3
3907 39070000 45.0
3908 39080000 98.3
3909 39090000 23.0
3910 39100000 82.3
3911 39110000 101.7
3912 39120000 155.0
3913 39130000 172.3
3914 39140000 121.7
3915 39150000 59.0
3916 39160000 41.3
3917 39170000 43.0
3918 39180000 101.0
3919 39190000 133.3
3920 39200000 154.7
3921 39210000 44.7
3922 39220000 37.7
3923 39230000 98.7
3924 39240000 49.7
3925 39250000 133.7
3926 39260000 215.3
3927 39270000 31.3
3928 39280000 29.3
3929 39290000 34.7
3930 39300000 45.3
3931 39310000 77.0
3932 39320000 54.3
3933 39330000 135.3
3934 39340000 106.7
3935 39350000 34.0
3936 39360000 79.7
3937 39370000 28.7
3938 39380000 57.7
3939 39390000 66.0
3940 39400000 51.0
3941 39410000 40.3
3942 39420000 94.0
3943 39430000 70.0
3944 39440000 44.3
3945 39450000 47.0
3946 39460000 38.0
3947 39470000 35.0
3948 39480000 32.3
3949 39490000 36.7
3950 39500000 48.0
3951 39510000 40.7
3952 39520000 78.7
3953 39530000 116.0
3954 39540000 96.3
3955 39550000 34.7
3956 39560000 46.0
3957 39570000 56.7
3958 39580000 72.7
3959 39590000 52.0
3960 39600000 111.3
3961 39610000 61.0
3962 39620000 154.7
3963 39630000 16.7
3964 39640000 93.3
3965 39650000 56.0
3966 39660000 49.7
3967 39670000 60.3
3968 39680000 37.0
3969 39690000 74.0
3970 39700000 67.7
3971 39710000 137.0
3972 39720000 45.0
3973 39730000 25.3
3974 39740000 56.0
3975 39750000 81.0
3976 39760000 53.7
3977 39770000 66.7
3978 39780000 44.0
3979 39790000 159.0
3980 39800000 104.0
3981 39810000 187.0
3982 39820000 23.0
3983 39830000 174.0
3984 39840000 122.3
3985 39850000 85.7
3986 39860000 97.7
3987 39870000 40.3
3988 39880000 82.3
3989 39890000 106.7
3990 39900000 53.7
3991 39910000 95.3
3992 39920000 30.7
3993 39930000 54.0
3994 39940000 30.7
3995 39950000 164.7
3996 39960000 145.7
3997 39970000 31.7
3998 39980000 79.3
3999 39990000 90.0
4000 40000000 51.7
4001 40010000 91.0
4002 40020000 48.3
4003 40030000 145.0
4004 40040000 47.3
4005 40050000 106.7
4006 40060000 53.0
4007 40070000 153.7
4008 40080000 51.7
4009 40090000 79.0
4010 40100000 123.0
4011 40110000 83.0
4012 40120000 73.0
4013 40130000 101.3
4014 40140000 25.3
4015 40150000 56.0
4016 40160000 131.3
4017 40170000 68.7
4018 40180000 104.0
4019 40190000 116.7
4020 40200000 96.0
4021 40210000 38.0
4022 40220000 128.7
4023 40230000 68.3
4024 40240000 77.3
4025 40250000 68.7
4026 40260000 134.3
4027 40270000 32.0
4028 40280000 98.3
4029 40290000 32.3
4030 40300000 126.3
4031 40310000 114.3
4032 40320000 105.0
4033 40330000 117.3
4034 40340000 106.3
4035 40350000 41.0
4036 40360000 26.7
4037 40370000 36.0
4038 40380000 95.7
4039 40390000 108.7
4040 40400000 27.0
4041 40410000 39.0
4042 40420000 36.7
4043 40430000 60.7
4044 40440000 87.3
4045 40450000 116.0
4046 40460000 29.3
4047 40470000 33.0
4048 40480000 98.3
4049 40490000 142.7
4050 40500000 75.0
4051 40510000 22.7
4052 40520000 76.3
4053 40530000 119.7
4054 40540000 81.0
4055 40550000 31.7
4056 40560000 38.3
4057 40570000 46.0
4058 40580000 29.0
4059 40590000 89.3
4060 40600000 30.3
4061 40610000 59.0
4062 40620000 20.3
4063 40630000 57.0
4064 40640000 16.7
4065 40650000 107.0
4066 40660000 45.3
4067 40670000 94.0
4068 40680000 43.7
4069 40690000 88.3
4070 40700000 90.7
4071 40710000 31.3
4072 40720000 42.3
4073 40730000 20.0
4074 40740000 38.0
4075 40750000 26.0
4076 40760000 62.3
4077 40770000 58.0
4078 40780000 41.3
4079 40790000 80.3
4080 40800000 48.7
4081 40810000 63.0
4082 40820000 79.3
4083 40830000 67.0
4084 40840000 30.0
4085 40850000 61.3
4086 40860000 62.3
4087 40870000 69.7
4088 40880000 108.0
4089 40890000 73.7
4090 40900000 110.7
4091 40910000 44.0
4092 40920000 44.3
4093 40930000 67.3
4094 40940000 191.3
4095 40950000 89.3
4096 40960000 76.7
4097 40970000 29.7
4098 40980000 56.7
4099 40990000 62.0
4100 41000000 37.3
4101 41010000 52.3
4102 41020000 42.7
4103 41030000 118.3
4104 41040000 61.7
4105 41050000 122.0
4106 41060000 58.3
4107 41070000 130.0
4108 41080000 35.3
4109 41090000 36.0
4110 41100000 49.0
4111 41110000 35.3
4112 41120000 38.3
4113 41130000 63.3
4114 41140000 39.0
4115 41150000 50.7
4116 41160000 26.3
4117 41170000 101.7
4118 41180000 64.0
4119 41190000 59.7
4120 41200000 64.0
4121 41210000 203.7
4122 41220000 60.3
4123 41230000 45.7
4124 41240000 51.7
4125 41250000 42.0
4126 41260000 79.0
4127 41270000 121.7
4128 41280000 223.3
4129 41290000 168.7
4130 41300000 202.0
4131 41310000 60.7
4132 41320000 87.0
4133 41330000 33.7
4134 41340000 27.0
4135 41350000 49.7
4136 41360000 68.0
4137 41370000 17.3
4138 41380000 101.0
4139 41390000 58.7
4140 41400000 94.0
4141 41410000 37.7
4142 41420000 107.7
4143 41430000 83.7
4144 41440000 52.0
4145 41450000 111.3
4146 41460000 10.7
4147 41470000 47.7
4148 41480000 31.7
4149 41490000 50.3
4150 41500000 54.3
4151 41510000 109.0
4152 41520000 38.0
4153 41530000 37.3
4154 41540000 47.0
4155 41550000 60.3
4156 41560000 79.0
4157 41570000 33.3
4158 41580000 35.7
4159 41590000 90.0
4160 41600000 49.7
4161 41610000 75.0
4162 41620000 21.7
4163 41630000 54.0
4164 41640000 209.3
4165 41650000 65.3
4166 41660000 37.3
4167 41670000 42.0
4168 41680000 54.0
4169 41690000 128.3
4170 41700000 74.0
4171 41710000 34.7
4172 41720000 118.7
4173 41730000 72.3
4174 41740000 93.3
4175 41750000 64.0
4176 41760000 115.7
4177 41770000 50.0
4178 41780000 33.0
4179 41790000 99.7
4180 41800000 68.7
4181 41810000 75.7
4182 41820000 76.0
4183 41830000 101.7
4184 41840000 115.0
4185 41850000 74.0
4186 41860000 70.7
4187 41870000 38.7
4188 41880000 94.7
4189 41890000 103.0
4190 41900000 124.3
4191 41910000 68.0
4192 41920000 63.0
4193 41930000 115.3
4194 41940000 51.0
4195 41950000 116.3
4196 41960000 132.0
4197 41970000 36.3
4198 41980000 64.3
4199 41990000 32.7
4200 42000000 25.7
4201 42010000 28.3
4202 42020000 152.0
4203 42030000 116.0
4204 42040000 54.0
4205 42050000 109.7
4206 42060000 39.7
4207 42070000 28.3
4208 42080000 66.3
4209 42090000 143.0
4210 42100000 150.0
4211 42110000 59.7
4212 42120000 44.3
4213 42130000 43.3
4214 42140000 127.7
4215 42150000 74.7
4216 42160000 106.0
4217 42170000 45.0
4218 42180000 105.7
4219 42190000 169.0
4220 42200000 37.7
4221 42210000 44.3
4222 42220000 35.3
4223 42230000 20.0
4224 42240000 28.0
4225 42250000 132.0
4226 42260000 53.3
4227 42270000 51.0
4228 42280000 70.7
4229 42290000 73.0
4230 42300000 57.0
4231 42310000 68.0
4232 42320000 49.0
4233 42330000 50.7
4234 42340000 64.0
4235 42350000 58.3
4236 42360000 36.3
4237 42370000 42.3
4238 42380000 34.7
4239 42390000 119.0
4240 42400000 111.7
4241 42410000 23.3
4242 42420000 82.0
4243 42430000 46.3
4244 42440000 50.0
4245 42450000 44.3
4246 42460000 56.7
4247 42470000 56.3
4248 42480000 64.0
4249 42490000 102.0
4250 42500000 23.7
4251 42510000 172.3
4252 42520000 104.3
4253 42530000 33.0
4254 42540000 140.7
4255 42550000 43.3
4256 42560000 89.0
4257 42570000 60.3
4258 42580000 66.7
4259 42590000 44.7
4260 42600000 31.3
4261 42610000 153.3
4262 42620000 25.0
4263 42630000 57.3
4264 42640000 43.3
4265 42650000 44.3
4266 42660000 44.7
4267 42670000 35.3
4268 42680000 129.7
4269 42690000 19.7
4270 42700000 80.0
4271 42710000 50.3
4272 42720000 56.3
4273 42730000 30.0
4274 42740000 45.7
4275 42750000 49.3
4276 42760000 20.7
4277 42770000 31.7
4278 42780000 184.3
4279 42790000 63.7
4280 42800000 58.7
4281 42810000 83.0
4282 42820000 81.3
4283 42830000 138.0
4284 42840000 22.7
4285 42850000 108.7
4286 42860000 38.0
4287 42870000 134.0
4288 42880000 31.0
4289 42890000 44.7
4290 42900000 45.3
4291 42910000 65.3
4292 42920000 121.7
4293 42930000 53.3
4294 42940000 85.7
4295 42950000 39.0
4296 42960000 72.3
4297 42970000 92.0
4298 42980000 36.7
4299 42990000 74.0
4300 43000000 54.3
4301 43010000 66.7
4302 43020000 47.3
4303 43030000 44.0
4304 43040000 122.3
4305 43050000 70.0
4306 43060000 156.0
4307 43070000 165.0
4308 43080000 49.3
4309 43090000 35.0
4310 43100000 39.0
4311 43110000 50.7
4312 43120000 46.3
4313 43130000 80.3
4314 43140000 112.0
4315 43150000 82.3
4316 43160000 56.0
4317 43170000 59.7
4318 43180000 59.3
4319 43190000 142.7
4320 43200000 84.3
4321 43210000 47.3
4322 43220000 34.3
4323 43230000 44.3
4324 43240000 133.7
4325 43250000 92.0
4326 43260000 60.3
4327 43270000 39.3
4328 43280000 51.3
4329 43290000 72.0
4330 43300000 145.3
4331 43310000 36.7
4332 43320000 62.3
4333 43330000 156.0
4334 43340000 55.3
4335 43350000 36.3
4336 43360000 79.3
4337 43370000 47.7
4338 43380000 35.0
4339 43390000 152.3
4340 43400000 77.7
4341 43410000 80.7
4342 43420000 58.7
4343 43430000 47.0
4344 43440000 133.3
4345 43450000 65.3
4346 43460000 37.7
4347 43470000 51.3
4348 43480000 18.3
4349 43490000 103.0
4350 43500000 94.3
4351 43510000 95.0
4352 43520000 142.0
4353 43530000 88.0
4354 43540000 54.7
4355 43550000 44.3
4356 43560000 112.0
4357 43570000 108.3
4358 43580000 124.0
4359 43590000 144.0
4360 43600000 82.3
4361 43610000 64.3
4362 43620000 45.0
4363 43630000 85.7
4364 43640000 73.7
4365 43650000 57.7
4366 43660000 83.7
4367 43670000 114.3
4368 43680000 61.0
4369 43690000 131.0
4370 43700000 45.7
4371 43710000 95.7
4372 43720000 135.3
4373 43730000 111.7
4374 43740000 35.0
4375 43750000 33.0
4376 43760000 77.7
4377 43770000 50.0
4378 43780000 72.3
4379 43790000 95.0
4380 43800000 97.0
4381 43810000 169.3
4382 43820000 85.3
4383 43830000 71.3
4384 43840000 40.3
4385 43850000 45.0
4386 43860000 107.0
4387 43870000 133.7
4388 43880000 231.0
4389 43890000 77.7
4390 43900000 41.7
4391 43910000 39.0
4392 43920000 62.7
4393 43930000 66.7
4394 43940000 43.3
4395 43950000 188.0
4396 43960000 159.3
4397 43970000 100.7
4398 43980000 97.3
4399 43990000 68.3
4400 44000000 128.3
4401 44010000 53.3
4402 44020000 104.7
4403 44030000 78.0
4404 44040000 110.7
4405 44050000 44.0
4406 44060000 44.7
4407 44070000 135.7
4408 44080000 145.7
4409 44090000 189.7
4410 44100000 34.7
4411 44110000 91.3
4412 44120000 107.3
4413 44130000 41.7
4414 44140000 65.7
4415 44150000 77.7
4416 44160000 98.3
4417 44170000 43.3
4418 44180000 108.0
4419 44190000 103.7
4420 44200000 38.7
4421 44210000 122.7
4422 44220000 156.3
4423 44230000 76.0
4424 44240000 137.3
4425 44250000 119.0
4426 44260000 47.0
4427 44270000 109.7
4428 44280000 134.0
4429 44290000 115.0
4430 44300000 70.7
4431 44310000 63.0
4432 44320000 72.0
4433 44330000 51.7
4434 44340000 126.7
4435 44350000 120.3
4436 44360000 89.3
4437 44370000 93.0
4438 44380000 49.0
4439 44390000 36.3
4440 44400000 37.7
4441 44410000 67.0
4442 44420000 106.7
4443 44430000 119.0
4444 44440000 90.0
4445 44450000 53.0
4446 44460000 65.7
4447 44470000 99.0
4448 44480000 128.3
4449 44490000 112.3
4450 44500000 128.3
4451 44510000 58.0
4452 44520000 38.7
4453 44530000 75.0
4454 44540000 105.3
4455 44550000 65.7
4456 44560000 35.0
4457 44570000 121.0
4458 44580000 53.3
4459 44590000 120.3
4460 44600000 88.3
4461 44610000 37.0
4462 44620000 37.3
4463 44630000 111.0
4464 44640000 124.7
4465 44650000 172.3
4466 44660000 61.0
4467 44670000 58.7
4468 44680000 47.7
4469 44690000 31.3
4470 44700000 205.7
4471 44710000 233.0
4472 44720000 43.3
4473 44730000 158.0
4474 44740000 53.0
4475 44750000 109.0
4476 44760000 132.7
4477 44770000 112.0
4478 44780000 90.7
4479 44790000 44.3
4480 44800000 81.0
4481 44810000 79.3
4482 44820000 125.0
4483 44830000 87.3
4484 44840000 108.0
4485 44850000 70.3
4486 44860000 89.0
4487 44870000 58.3
4488 44880000 31.3
4489 44890000 25.0
4490 44900000 56.0
4491 44910000 170.3
4492 44920000 40.3
4493 44930000 27.3
4494 44940000 54.7
4495 44950000 70.0
4496 44960000 97.3
4497 44970000 117.3
4498 44980000 100.3
4499 44990000 123.3
4500 45000000 67.3
4501 45010000 21.0
4502 45020000 102.3
4503 45030000 40.7
4504 45040000 63.3
4505 45050000 73.7
4506 45060000 85.3
4507 45070000 175.3
4508 45080000 42.3
4509 45090000 32.3
4510 45100000 81.3
4511 45110000 48.3
4512 45120000 146.3
4513 45130000 46.7
4514 45140000 94.7
4515 45150000 81.7
4516 45160000 101.0
4517 45170000 178.7
4518 45180000 100.0
4519 45190000 124.0
4520 45200000 126.0
4521 45210000 35.0
4522 45220000 70.3
4523 45230000 94.0
4524 45240000 75.3
4525 45250000 65.0
4526 45260000 133.7
4527 45270000 115.0
4528 45280000 73.0
4529 45290000 112.7
4530 45300000 72.3
4531 45310000 68.0
4532 45320000 54.7
4533 45330000 137.3
4534 45340000 140.0
4535 45350000 115.0
4536 45360000 247.0
4537 45370000 36.0
4538 45380000 130.3
4539 45390000 36.3
4540 45400000 144.7
4541 45410000 54.3
4542 45420000 85.0
4543 45430000 48.7
4544 45440000 138.0
4545 45450000 17.0
4546 45460000 78.7
4547 45470000 41.0
4548 45480000 27.3
4549 45490000 67.0
4550 45500000 47.0
4551 45510000 68.3
4552 45520000 81.3
4553 45530000 83.3
4554 45540000 116.3
4555 45550000 33.0
4556 45560000 29.3
4557 45570000 87.3
4558 45580000 48.0
4559 45590000 72.0
4560 45600000 177.0
4561 45610000 61.7
4562 45620000 35.7
4563 45630000 30.7
4564 45640000 66.7
4565 45650000 109.0
4566 45660000 55.0
4567 45670000 113.3
4568 45680000 38.7
4569 45690000 39.7
4570 45700000 61.3
4571 45710000 33.3
4572 45720000 137.3
4573 45730000 78.7
4574 45740000 33.3
4575 45750000 79.0
4576 45760000 101.7
4577 45770000 39.7
4578 45780000 41.3
4579 45790000 116.7
4580 45800000 46.7
4581 45810000 160.3
4582 45820000 136.3
4583 45830000 89.3
4584 45840000 64.0
4585 45850000 51.0
4586 45860000 47.0
4587 45870000 79.7
4588 45880000 43.7
4589 45890000 29.3
4590 45900000 72.3
4591 45910000 61.0
4592 45920000 127.3
4593 45930000 34.3
4594 45940000 70.0
4595 45950000 49.7
4596 45960000 123.7
4597 45970000 129.0
4598 45980000 47.3
4599 45990000 157.7
4600 46000000 147.0
4601 46010000 49.0
4602 46020000 39.3
4603 46030000 36.0
4604 46040000 56.0
4605 46050000 27.0
4606 46060000 110.3
4607 46070000 46.0
4608 46080000 131.7
4609 46090000 88.3
4610 46100000 70.0
4611 46110000 66.7
4612 46120000 67.7
4613 46130000 56.7
4614 46140000 57.3
4615 46150000 45.3
4616 46160000 67.7
4617 46170000 45.0
4618 46180000 178.0
4619 46190000 93.0
4620 46200000 64.0
4621 46210000 99.7
4622 46220000 54.3
4623 46230000 88.7
4624 46240000 114.3
4625 46250000 124.7
4626 46260000 65.3
4627 46270000 74.0
4628 46280000 80.7
4629 46290000 82.3
4630 46300000 62.3
4631 46310000 119.3
4632 46320000 82.0
4633 46330000 86.3
4634 46340000 92.3
4635 46350000 77.3
4636 46360000 83.3
4637 46370000 140.3
4638 46380000 100.3
4639 46390000 93.0
4640 46400000 45.7
4641 46410000 28.0
4642 46420000 181.7
4643 46430000 117.0
4644 46440000 168.7
4645 46450000 55.3
4646 46460000 74.0
4647 46470000 44.3
4648 46480000 113.7
4649 46490000 169.3
4650 46500000 45.0
4651 46510000 61.0
4652 46520000 60.0
4653 46530000 97.0
4654 46540000 91.0
4655 46550000 84.0
4656 46560000 135.3
4657 46570000 60.3
4658 46580000 126.0
4659 46590000 96.3
4660 46600000 83.0
4661 46610000 49.0
4662 46620000 128.0
4663 46630000 57.0
4664 46640000 82.3
4665 46650000 73.3
4666 46660000 131.0
4667 46670000 167.3
4668 46680000 80.0
4669 46690000 141.0
4670 46700000 92.0
4671 46710000 91.3
4672 46720000 91.3
4673 46730000 64.3
4674 46740000 103.7
4675 46750000 114.0
4676 46760000 41.0
4677 46770000 47.7
4678 46780000 114.7
4679 46790000 71.7
4680 46800000 87.7
4681 46810000 56.3
4682 46820000 55.3
4683 46830000 31.0
4684 46840000 40.7
4685 46850000 124.7
4686 46860000 29.7
4687 46870000 24.3
4688 46880000 38.0
4689 46890000 100.7
4690 46900000 53.0
4691 46910000 28.3
4692 46920000 123.7
4693 46930000 84.7
4694 46940000 100.3
4695 46950000 120.0
4696 46960000 80.0
4697 46970000 47.7
4698 46980000 40.0
4699 46990000 78.3
4700 47000000 135.7
4701 47010000 114.0
4702 47020000 143.7
4703 47030000 99.0
4704 47040000 101.0
4705 47050000 65.3
4706 47060000 42.0
4707 47070000 104.7
4708 47080000 95.0
4709 47090000 21.3
4710 47100000 56.3
4711 47110000 48.0
4712 47120000 56.0
