  0        0 9.0
  1    10000 9.0
  2    20000 9.0
  3    30000 8.3
  4    40000 9.0
  5    50000 7.7
  6    60000 9.3
  7    70000 9.0
  8    80000 7.7
  9    90000 8.0
 10   100000 9.0
 11   110000 7.3
 12   120000 9.0
 13   130000 9.0
 14   140000 8.0
 15   150000 9.0
 16   160000 9.0
 17   170000 4.7
 18   180000 9.3
 19   190000 4.0
 20   200000 7.7
 21   210000 5.0
 22   220000 7.7
 23   230000 5.7
 24   240000 8.0
 25   250000 9.3
 26   260000 3.7
 27   270000 6.0
 28   280000 6.0
 29   290000 8.0
 30   300000 3.3
 31   310000 3.0
 32   320000 3.3
 33   330000 5.7
 34   340000 4.0
 35   350000 6.3
 36   360000 5.0
 37   370000 4.0
 38   380000 1.3
 39   390000 6.3
 40   400000 3.0
 41   410000 2.0
 42   420000 1.7
 43   430000 4.7
 44   440000 2.3
 45   450000 5.7
 46   460000 4.0
 47   470000 3.0
 48   480000 2.0
 49   490000 7.3
 50   500000 3.3
 51   510000 3.3
 52   520000 3.3
 53   530000 2.7
 54   540000 5.0
 55   550000 3.3
 56   560000 1.3
 57   570000 2.0
 58   580000 7.7
 59   590000 3.0
 60   600000 3.0
 61   610000 4.0
 62   620000 3.7
 63   630000 2.7
 64   640000 6.7
 65   650000 7.3
 66   660000 2.0
 67   670000 4.0
 68   680000 4.7
 69   690000 2.7
 70   700000 8.0
 71   710000 9.0
 72   720000 11.7
 73   730000 10.7
 74   740000 7.0
 75   750000 10.0
 76   760000 6.3
 77   770000 12.7
 78   780000 8.0
 79   790000 10.7
 80   800000 11.3
 81   810000 7.7
 82   820000 11.0
 83   830000 12.7
 84   840000 14.7
 85   850000 13.7
 86   860000 10.0
 87   870000 9.3
 88   880000 9.0
 89   890000 13.0
 90   900000 7.3
 91   910000 7.7
 92   920000 10.7
 93   930000 8.7
 94   940000 7.3
 95   950000 11.3
 96   960000 8.7
 97   970000 14.0
 98   980000 14.0
 99   990000 13.0
100  1000000 15.0
101  1010000 7.7
102  1020000 16.3
103  1030000 8.0
104  1040000 14.3
105  1050000 15.0
106  1060000 10.7
107  1070000 12.0
108  1080000 11.0
109  1090000 17.0
110  1100000 15.3
111  1110000 15.0
112  1120000 9.7
113  1130000 14.0
114  1140000 22.7
115  1150000 16.7
116  1160000 10.0
117  1170000 12.0
118  1180000 18.0
119  1190000 13.7
120  1200000 18.0
121  1210000 20.0
122  1220000 14.7
123  1230000 11.0
124  1240000 14.3
125  1250000 15.3
126  1260000 16.3
127  1270000 20.7
128  1280000 21.3
129  1290000 13.3
130  1300000 15.0
131  1310000 16.3
132  1320000 17.0
133  1330000 17.3
134  1340000 19.3
135  1350000 16.0
136  1360000 18.7
137  1370000 10.7
138  1380000 9.7
139  1390000 14.7
140  1400000 15.7
141  1410000 11.0
142  1420000 14.0
143  1430000 10.7
144  1440000 16.7
145  1450000 13.7
146  1460000 13.3
147  1470000 9.7
148  1480000 13.3
149  1490000 8.7
150  1500000 16.0
151  1510000 12.0
152  1520000 12.7
153  1530000 13.0
154  1540000 18.7
155  1550000 18.0
156  1560000 17.0
157  1570000 17.7
158  1580000 11.7
159  1590000 18.0
160  1600000 21.3
161  1610000 13.7
162  1620000 14.0
163  1630000 19.3
164  1640000 19.7
165  1650000 15.7
166  1660000 20.3
167  1670000 17.7
168  1680000 20.3
169  1690000 16.3
170  1700000 20.0
171  1710000 15.0
172  1720000 17.7
173  1730000 19.0
174  1740000 15.3
175  1750000 17.3
176  1760000 13.0
177  1770000 17.7
178  1780000 20.3
179  1790000 18.3
180  1800000 22.3
181  1810000 13.0
182  1820000 14.0
183  1830000 15.3
184  1840000 20.0
185  1850000 20.3
186  1860000 17.7
187  1870000 21.7
188  1880000 20.3
189  1890000 16.7
190  1900000 15.3
191  1910000 15.7
192  1920000 16.3
193  1930000 21.7
194  1940000 14.7
195  1950000 17.3
196  1960000 16.7
197  1970000 16.3
198  1980000 25.0
199  1990000 17.0
200  2000000 18.3
201  2010000 20.7
202  2020000 16.3
203  2030000 20.7
204  2040000 19.7
205  2050000 21.0
206  2060000 22.0
207  2070000 15.0
208  2080000 23.7
209  2090000 19.3
210  2100000 17.7
211  2110000 25.7
212  2120000 16.3
213  2130000 21.0
214  2140000 18.7
215  2150000 14.7
216  2160000 25.0
217  2170000 12.0
218  2180000 20.7
219  2190000 23.3
220  2200000 18.3
221  2210000 24.0
222  2220000 23.3
223  2230000 21.3
224  2240000 29.7
225  2250000 21.0
226  2260000 21.7
227  2270000 22.3
228  2280000 27.0
229  2290000 16.7
230  2300000 23.0
231  2310000 21.7
232  2320000 26.7
233  2330000 16.0
234  2340000 17.7
235  2350000 18.3
236  2360000 26.7
237  2370000 26.0
238  2380000 22.7
239  2390000 24.3
240  2400000 20.3
241  2410000 26.7
242  2420000 25.3
243  2430000 22.7
244  2440000 24.3
245  2450000 23.3
246  2460000 26.0
247  2470000 24.0
248  2480000 20.7
249  2490000 25.0
250  2500000 20.3
251  2510000 17.7
252  2520000 24.0
253  2530000 26.3
254  2540000 20.7
255  2550000 28.0
256  2560000 30.0
257  2570000 22.3
258  2580000 21.0
259  2590000 25.7
260  2600000 20.0
261  2610000 26.3
262  2620000 21.0
263  2630000 23.3
264  2640000 25.7
265  2650000 20.7
266  2660000 21.7
267  2670000 23.3
268  2680000 25.7
269  2690000 24.3
270  2700000 23.0
271  2710000 19.3
272  2720000 20.3
273  2730000 27.7
274  2740000 27.3
275  2750000 23.7
276  2760000 22.3
277  2770000 25.0
278  2780000 28.3
279  2790000 23.0
280  2800000 20.7
281  2810000 21.7
282  2820000 26.0
283  2830000 30.0
284  2840000 23.3
285  2850000 25.3
286  2860000 27.0
287  2870000 26.7
288  2880000 26.3
289  2890000 27.7
290  2900000 22.3
291  2910000 29.7
292  2920000 21.7
293  2930000 24.7
294  2940000 24.3
295  2950000 24.0
296  2960000 24.3
297  2970000 26.0
298  2980000 25.7
299  2990000 25.7
300  3000000 27.7
301  3010000 25.0
302  3020000 26.7
303  3030000 22.7
304  3040000 21.3
305  3050000 29.7
306  3060000 30.3
307  3070000 27.7
308  3080000 27.0
309  3090000 32.3
310  3100000 23.0
311  3110000 23.3
312  3120000 26.3
313  3130000 25.0
314  3140000 24.3
315  3150000 26.7
316  3160000 28.3
317  3170000 26.0
318  3180000 32.0
319  3190000 32.0
320  3200000 31.7
321  3210000 27.7
322  3220000 30.7
323  3230000 23.3
324  3240000 29.0
325  3250000 24.7
326  3260000 29.0
327  3270000 25.3
328  3280000 36.3
329  3290000 27.7
330  3300000 28.0
331  3310000 23.0
332  3320000 26.0
333  3330000 29.3
334  3340000 30.7
335  3350000 36.3
336  3360000 24.0
337  3370000 26.3
338  3380000 24.7
339  3390000 24.0
340  3400000 33.3
341  3410000 24.3
342  3420000 18.0
343  3430000 23.0
344  3440000 26.0
345  3450000 21.3
346  3460000 27.7
347  3470000 31.0
348  3480000 33.3
349  3490000 29.3
350  3500000 33.7
351  3510000 24.3
352  3520000 28.3
353  3530000 31.0
354  3540000 30.3
355  3550000 26.3
356  3560000 28.0
357  3570000 27.3
358  3580000 31.0
359  3590000 25.0
360  3600000 33.7
361  3610000 34.7
362  3620000 28.7
363  3630000 29.0
364  3640000 31.0
365  3650000 34.7
366  3660000 27.7
367  3670000 32.0
368  3680000 35.0
369  3690000 28.3
370  3700000 19.0
371  3710000 28.3
372  3720000 28.7
373  3730000 23.0
374  3740000 26.7
375  3750000 31.7
376  3760000 28.7
377  3770000 34.3
378  3780000 31.0
379  3790000 22.3
380  3800000 30.0
381  3810000 31.7
382  3820000 27.7
383  3830000 23.7
384  3840000 30.3
385  3850000 34.3
386  3860000 33.3
387  3870000 28.3
388  3880000 23.0
389  3890000 31.0
390  3900000 24.7
391  3910000 41.7
392  3920000 37.7
393  3930000 23.0
394  3940000 31.0
395  3950000 25.0
396  3960000 32.3
397  3970000 31.0
398  3980000 28.0
399  3990000 28.0
400  4000000 27.3
401  4010000 40.3
402  4020000 36.3
403  4030000 27.3
404  4040000 38.7
405  4050000 38.3
406  4060000 34.7
407  4070000 32.0
408  4080000 37.3
409  4090000 28.7
410  4100000 37.3
411  4110000 31.3
412  4120000 37.0
413  4130000 37.0
414  4140000 24.0
415  4150000 26.7
416  4160000 34.0
417  4170000 32.3
418  4180000 32.0
419  4190000 30.0
420  4200000 28.7
421  4210000 39.7
422  4220000 38.3
423  4230000 28.0
424  4240000 28.0
425  4250000 31.3
426  4260000 35.3
427  4270000 26.7
428  4280000 35.3
429  4290000 34.3
430  4300000 37.0
431  4310000 31.0
432  4320000 27.3
433  4330000 40.0
434  4340000 36.3
435  4350000 27.3
436  4360000 30.7
437  4370000 33.3
438  4380000 31.3
439  4390000 29.7
440  4400000 26.7
441  4410000 38.7
442  4420000 35.3
443  4430000 36.7
444  4440000 33.7
445  4450000 32.0
446  4460000 26.0
447  4470000 39.7
448  4480000 22.7
449  4490000 29.0
450  4500000 30.7
451  4510000 35.0
452  4520000 36.7
453  4530000 35.3
454  4540000 39.7
455  4550000 28.0
456  4560000 29.3
457  4570000 43.3
458  4580000 36.3
459  4590000 33.7
460  4600000 33.7
461  4610000 32.7
462  4620000 44.3
463  4630000 39.0
464  4640000 34.3
465  4650000 27.3
466  4660000 42.3
467  4670000 43.0
468  4680000 33.7
469  4690000 44.0
470  4700000 31.7
471  4710000 31.3
472  4720000 43.0
473  4730000 37.0
474  4740000 27.3
475  4750000 38.7
476  4760000 26.3
477  4770000 33.0
478  4780000 28.7
479  4790000 34.3
480  4800000 33.0
481  4810000 36.3
482  4820000 38.7
483  4830000 97.0
484  4840000 22.0
485  4850000 25.0
486  4860000 34.0
487  4870000 32.7
488  4880000 27.3
489  4890000 38.3
490  4900000 30.3
491  4910000 27.7
492  4920000 42.0
493  4930000 34.7
494  4940000 33.0
495  4950000 54.7
496  4960000 35.3
497  4970000 36.0
498  4980000 32.0
499  4990000 31.7
500  5000000 32.0
501  5010000 35.0
502  5020000 32.0
503  5030000 42.7
504  5040000 29.7
505  5050000 30.7
506  5060000 40.3
507  5070000 37.3
508  5080000 33.3
509  5090000 35.0
510  5100000 41.7
511  5110000 41.3
512  5120000 34.3
513  5130000 41.0
514  5140000 40.7
515  5150000 44.0
516  5160000 38.7
517  5170000 44.7
518  5180000 33.0
519  5190000 33.3
520  5200000 46.3
521  5210000 37.3
522  5220000 36.0
523  5230000 37.0
524  5240000 32.3
525  5250000 31.0
526  5260000 30.7
527  5270000 37.7
528  5280000 36.7
529  5290000 29.7
530  5300000 35.3
531  5310000 27.0
532  5320000 27.0
533  5330000 33.0
534  5340000 36.3
535  5350000 44.3
536  5360000 37.3
537  5370000 47.0
538  5380000 28.7
539  5390000 29.0
540  5400000 33.0
541  5410000 37.7
542  5420000 40.7
543  5430000 43.3
544  5440000 43.0
545  5450000 40.7
546  5460000 34.3
547  5470000 47.7
548  5480000 42.0
549  5490000 46.0
550  5500000 43.7
551  5510000 32.0
552  5520000 34.0
553  5530000 42.0
554  5540000 40.7
555  5550000 50.7
556  5560000 103.7
557  5570000 108.3
558  5580000 25.7
559  5590000 37.7
560  5600000 41.7
561  5610000 41.0
562  5620000 33.3
563  5630000 41.7
564  5640000 32.3
565  5650000 34.7
566  5660000 54.3
567  5670000 37.3
568  5680000 38.3
569  5690000 49.7
570  5700000 44.3
571  5710000 34.0
572  5720000 27.7
573  5730000 43.0
574  5740000 38.7
575  5750000 37.3
576  5760000 35.0
577  5770000 28.3
578  5780000 40.7
579  5790000 33.7
580  5800000 37.3
581  5810000 37.0
582  5820000 38.0
583  5830000 56.7
584  5840000 39.0
585  5850000 33.3
586  5860000 38.3
587  5870000 35.0
588  5880000 51.7
589  5890000 37.0
590  5900000 47.7
591  5910000 38.3
592  5920000 47.7
593  5930000 55.7
594  5940000 36.0
595  5950000 40.0
596  5960000 42.3
597  5970000 45.3
598  5980000 40.0
599  5990000 35.7
600  6000000 50.3
601  6010000 41.7
602  6020000 36.3
603  6030000 45.7
604  6040000 32.7
605  6050000 49.7
606  6060000 35.7
607  6070000 49.0
608  6080000 66.0
609  6090000 36.7
610  6100000 34.0
611  6110000 26.0
612  6120000 44.3
613  6130000 40.7
614  6140000 47.3
615  6150000 41.0
616  6160000 45.7
617  6170000 47.0
618  6180000 28.0
619  6190000 35.3
620  6200000 33.0
621  6210000 36.7
622  6220000 51.7
623  6230000 41.7
624  6240000 29.3
625  6250000 43.7
626  6260000 40.3
627  6270000 34.0
628  6280000 41.0
629  6290000 37.3
630  6300000 45.0
631  6310000 56.3
632  6320000 104.0
633  6330000 80.3
634  6340000 34.3
635  6350000 49.7
636  6360000 45.3
637  6370000 38.0
638  6380000 40.0
639  6390000 53.0
640  6400000 46.0
641  6410000 40.3
642  6420000 38.7
643  6430000 64.3
644  6440000 41.3
645  6450000 45.0
646  6460000 32.0
647  6470000 50.3
648  6480000 43.7
649  6490000 38.3
650  6500000 35.3
651  6510000 39.7
652  6520000 49.0
653  6530000 46.7
654  6540000 35.0
655  6550000 35.7
656  6560000 36.7
657  6570000 43.0
658  6580000 50.3
659  6590000 34.3
660  6600000 41.3
661  6610000 42.0
662  6620000 42.0
663  6630000 43.3
664  6640000 45.7
665  6650000 50.0
666  6660000 52.0
667  6670000 58.0
668  6680000 41.3
669  6690000 50.7
670  6700000 42.3
671  6710000 40.3
672  6720000 113.7
673  6730000 54.0
674  6740000 45.3
675  6750000 52.3
676  6760000 30.0
677  6770000 63.0
678  6780000 49.3
679  6790000 56.0
680  6800000 38.0
681  6810000 32.7
682  6820000 57.7
683  6830000 46.0
684  6840000 56.0
685  6850000 36.0
686  6860000 45.7
687  6870000 39.0
688  6880000 49.7
689  6890000 49.3
690  6900000 42.7
691  6910000 45.3
692  6920000 42.3
693  6930000 46.3
694  6940000 90.7
695  6950000 61.3
696  6960000 55.7
697  6970000 59.3
698  6980000 57.7
699  6990000 58.7
700  7000000 41.0
701  7010000 37.0
702  7020000 57.7
703  7030000 54.0
704  7040000 49.7
705  7050000 45.0
706  7060000 42.3
707  7070000 58.7
708  7080000 70.0
709  7090000 64.7
710  7100000 51.0
711  7110000 80.3
712  7120000 41.7
713  7130000 51.3
714  7140000 52.7
715  7150000 56.3
716  7160000 61.7
717  7170000 73.7
718  7180000 50.3
719  7190000 48.3
720  7200000 38.0
721  7210000 53.7
722  7220000 84.7
723  7230000 55.7
724  7240000 67.0
725  7250000 67.7
726  7260000 70.7
727  7270000 50.7
728  7280000 48.7
729  7290000 71.0
730  7300000 33.0
731  7310000 46.3
732  7320000 33.0
733  7330000 67.0
734  7340000 37.3
735  7350000 68.3
736  7360000 38.3
737  7370000 34.3
738  7380000 105.3
739  7390000 44.3
740  7400000 57.3
741  7410000 39.3
742  7420000 108.0
743  7430000 38.3
744  7440000 38.0
745  7450000 36.0
746  7460000 31.0
747  7470000 57.0
748  7480000 36.3
749  7490000 65.0
750  7500000 42.7
751  7510000 39.0
752  7520000 52.3
753  7530000 47.0
754  7540000 76.7
755  7550000 37.7
756  7560000 41.0
757  7570000 60.0
758  7580000 85.7
759  7590000 51.7
760  7600000 72.7
761  7610000 82.3
762  7620000 59.7
763  7630000 38.3
764  7640000 42.3
765  7650000 137.3
766  7660000 58.3
767  7670000 77.0
768  7680000 61.3
769  7690000 40.0
770  7700000 44.0
771  7710000 56.7
772  7720000 51.7
773  7730000 40.7
774  7740000 128.3
775  7750000 57.0
776  7760000 49.3
777  7770000 57.7
778  7780000 54.3
779  7790000 51.0
780  7800000 65.3
781  7810000 110.7
782  7820000 62.3
783  7830000 52.3
784  7840000 62.7
785  7850000 51.3
786  7860000 96.7
787  7870000 52.7
788  7880000 91.7
789  7890000 47.3
790  7900000 42.7
791  7910000 96.7
792  7920000 73.0
793  7930000 43.3
794  7940000 111.3
795  7950000 52.7
796  7960000 40.3
797  7970000 49.7
798  7980000 35.7
799  7990000 38.3
800  8000000 76.0
801  8010000 46.3
802  8020000 67.3
803  8030000 77.0
804  8040000 57.0
805  8050000 52.7
806  8060000 62.0
807  8070000 49.0
808  8080000 58.3
809  8090000 55.7
810  8100000 47.7
811  8110000 62.7
812  8120000 68.7
813  8130000 72.0
814  8140000 44.0
815  8150000 140.3
816  8160000 39.3
817  8170000 48.3
818  8180000 49.3
819  8190000 112.3
820  8200000 86.3
821  8210000 50.0
822  8220000 73.3
823  8230000 61.3
824  8240000 73.3
825  8250000 48.0
826  8260000 49.3
827  8270000 42.0
828  8280000 49.7
829  8290000 49.3
830  8300000 143.3
831  8310000 75.7
832  8320000 69.0
833  8330000 67.7
834  8340000 107.3
835  8350000 66.7
836  8360000 28.3
837  8370000 130.3
838  8380000 46.7
839  8390000 82.3
840  8400000 63.0
841  8410000 67.7
842  8420000 59.0
843  8430000 48.7
844  8440000 52.3
845  8450000 73.3
846  8460000 86.0
847  8470000 51.3
848  8480000 57.7
849  8490000 80.7
850  8500000 66.7
851  8510000 83.0
852  8520000 68.3
853  8530000 63.0
854  8540000 43.0
855  8550000 70.0
856  8560000 48.0
857  8570000 49.0
858  8580000 89.0
859  8590000 40.7
860  8600000 164.7
861  8610000 57.0
862  8620000 55.3
863  8630000 80.7
864  8640000 68.3
865  8650000 45.7
866  8660000 71.7
867  8670000 46.3
868  8680000 79.3
869  8690000 62.7
870  8700000 154.3
871  8710000 87.0
872  8720000 119.0
873  8730000 74.7
874  8740000 42.0
875  8750000 166.7
876  8760000 79.0
877  8770000 85.3
878  8780000 51.7
879  8790000 92.7
880  8800000 44.0
881  8810000 69.0
882  8820000 134.7
883  8830000 72.3
884  8840000 81.7
885  8850000 30.3
886  8860000 92.3
887  8870000 77.0
888  8880000 87.0
889  8890000 48.0
890  8900000 75.3
891  8910000 32.3
892  8920000 139.0
893  8930000 51.7
894  8940000 71.7
895  8950000 54.7
896  8960000 43.7
897  8970000 52.3
898  8980000 109.7
899  8990000 110.3
900  9000000 207.0
901  9010000 42.7
902  9020000 67.7
903  9030000 54.3
904  9040000 41.7
905  9050000 52.3
906  9060000 49.3
907  9070000 66.7
908  9080000 67.0
909  9090000 183.3
910  9100000 71.0
911  9110000 69.0
912  9120000 127.7
913  9130000 45.7
914  9140000 64.7
915  9150000 81.3
916  9160000 140.0
917  9170000 75.3
918  9180000 53.0
919  9190000 83.0
920  9200000 121.0
921  9210000 81.0
922  9220000 61.3
923  9230000 107.7
924  9240000 85.0
925  9250000 103.3
926  9260000 72.0
927  9270000 78.7
928  9280000 49.3
929  9290000 70.3
930  9300000 57.7
931  9310000 45.0
932  9320000 63.0
933  9330000 116.0
934  9340000 70.7
935  9350000 105.0
936  9360000 83.0
937  9370000 34.7
938  9380000 109.7
939  9390000 129.7
940  9400000 56.0
941  9410000 94.7
942  9420000 72.7
943  9430000 53.3
944  9440000 47.3
945  9450000 126.7
946  9460000 132.7
947  9470000 53.0
948  9480000 76.3
949  9490000 91.0
950  9500000 58.7
951  9510000 91.0
952  9520000 85.7
953  9530000 61.3
954  9540000 124.0
955  9550000 72.3
956  9560000 55.0
957  9570000 45.7
958  9580000 80.0
959  9590000 109.3
960  9600000 57.0
961  9610000 117.7
962  9620000 37.3
963  9630000 70.3
964  9640000 54.7
965  9650000 48.3
966  9660000 51.3
967  9670000 58.7
968  9680000 143.7
969  9690000 53.7
970  9700000 60.7
971  9710000 123.0
972  9720000 91.7
973  9730000 107.0
974  9740000 61.0
975  9750000 90.7
976  9760000 85.7
977  9770000 57.0
978  9780000 46.0
979  9790000 127.3
980  9800000 65.0
981  9810000 67.3
982  9820000 66.0
983  9830000 54.3
984  9840000 39.7
985  9850000 48.7
986  9860000 71.0
987  9870000 122.0
988  9880000 113.7
989  9890000 63.3
990  9900000 122.3
991  9910000 107.7
992  9920000 97.3
993  9930000 94.7
994  9940000 84.0
995  9950000 63.0
996  9960000 45.0
997  9970000 44.3
998  9980000 66.3
999  9990000 155.7
1000 10000000 43.0
1001 10010000 79.7
1002 10020000 45.0
1003 10030000 57.0
1004 10040000 36.0
1005 10050000 49.0
1006 10060000 110.0
1007 10070000 76.7
1008 10080000 89.7
1009 10090000 112.3
1010 10100000 135.7
1011 10110000 53.7
1012 10120000 56.3
1013 10130000 119.0
1014 10140000 140.7
1015 10150000 170.7
1016 10160000 64.3
1017 10170000 50.3
1018 10180000 90.7
1019 10190000 110.0
1020 10200000 74.7
1021 10210000 74.7
1022 10220000 50.0
1023 10230000 119.3
1024 10240000 40.7
1025 10250000 134.0
1026 10260000 73.7
1027 10270000 78.0
1028 10280000 141.0
1029 10290000 40.7
1030 10300000 47.3
1031 10310000 42.7
1032 10320000 79.0
1033 10330000 92.3
1034 10340000 62.0
1035 10350000 112.0
1036 10360000 90.7
1037 10370000 110.3
1038 10380000 85.7
1039 10390000 79.7
1040 10400000 77.0
1041 10410000 61.0
1042 10420000 67.0
1043 10430000 54.0
1044 10440000 58.0
1045 10450000 107.3
1046 10460000 73.7
1047 10470000 60.7
1048 10480000 110.3
1049 10490000 105.7
1050 10500000 66.7
1051 10510000 112.0
1052 10520000 57.3
1053 10530000 93.0
1054 10540000 59.0
1055 10550000 162.7
1056 10560000 118.3
1057 10570000 129.3
1058 10580000 134.0
1059 10590000 73.0
1060 10600000 142.3
1061 10610000 35.3
1062 10620000 76.7
1063 10630000 129.3
1064 10640000 129.3
1065 10650000 94.0
1066 10660000 119.0
1067 10670000 75.7
1068 10680000 84.3
1069 10690000 121.0
1070 10700000 85.0
1071 10710000 77.3
1072 10720000 142.0
1073 10730000 128.7
1074 10740000 47.0
1075 10750000 61.3
1076 10760000 78.3
1077 10770000 68.0
1078 10780000 102.0
1079 10790000 174.3
1080 10800000 47.0
1081 10810000 128.7
1082 10820000 45.3
1083 10830000 83.0
1084 10840000 130.0
1085 10850000 57.0
1086 10860000 86.0
1087 10870000 57.7
1088 10880000 103.7
1089 10890000 61.3
1090 10900000 52.7
1091 10910000 126.3
1092 10920000 130.7
1093 10930000 210.0
1094 10940000 102.3
1095 10950000 79.0
1096 10960000 43.0
1097 10970000 110.3
1098 10980000 133.0
1099 10990000 135.0
1100 11000000 89.0
1101 11010000 66.0
1102 11020000 174.3
1103 11030000 64.3
1104 11040000 62.0
1105 11050000 85.3
1106 11060000 138.3
1107 11070000 41.7
1108 11080000 92.3
1109 11090000 73.7
1110 11100000 56.7
1111 11110000 142.3
1112 11120000 78.3
1113 11130000 62.7
1114 11140000 134.7
1115 11150000 81.3
1116 11160000 35.7
1117 11170000 71.3
1118 11180000 118.3
1119 11190000 61.3
1120 11200000 124.0
1121 11210000 159.0
1122 11220000 48.7
1123 11230000 87.7
1124 11240000 89.0
1125 11250000 66.3
1126 11260000 176.0
1127 11270000 77.7
1128 11280000 82.0
1129 11290000 58.3
1130 11300000 67.3
1131 11310000 156.7
1132 11320000 121.7
1133 11330000 51.0
1134 11340000 107.3
1135 11350000 137.0
1136 11360000 62.0
1137 11370000 54.3
1138 11380000 70.3
1139 11390000 55.7
1140 11400000 123.0
1141 11410000 108.3
1142 11420000 162.7
1143 11430000 60.7
1144 11440000 48.0
1145 11450000 87.3
1146 11460000 51.3
1147 11470000 53.0
1148 11480000 46.3
1149 11490000 46.7
1150 11500000 63.0
1151 11510000 62.0
1152 11520000 94.3
1153 11530000 165.0
1154 11540000 68.3
1155 11550000 164.7
1156 11560000 85.0
1157 11570000 69.0
1158 11580000 81.7
1159 11590000 183.0
1160 11600000 126.7
1161 11610000 174.3
1162 11620000 145.7
1163 11630000 40.0
1164 11640000 167.3
1165 11650000 151.0
1166 11660000 130.0
1167 11670000 162.3
1168 11680000 104.0
1169 11690000 161.3
1170 11700000 80.3
1171 11710000 85.7
1172 11720000 45.3
1173 11730000 172.0
1174 11740000 77.3
1175 11750000 55.7
1176 11760000 113.3
1177 11770000 131.3
1178 11780000 157.0
1179 11790000 85.0
1180 11800000 42.0
1181 11810000 62.7
1182 11820000 131.7
1183 11830000 43.7
1184 11840000 68.3
1185 11850000 192.0
1186 11860000 117.7
1187 11870000 129.0
1188 11880000 129.3
1189 11890000 132.0
1190 11900000 135.3
1191 11910000 106.7
1192 11920000 30.0
1193 11930000 162.0
1194 11940000 79.3
1195 11950000 151.0
1196 11960000 133.0
1197 11970000 203.0
1198 11980000 64.7
1199 11990000 30.7
1200 12000000 88.0
1201 12010000 101.0
1202 12020000 73.3
1203 12030000 73.3
1204 12040000 61.3
1205 12050000 42.0
1206 12060000 60.0
1207 12070000 78.7
1208 12080000 154.3
1209 12090000 68.7
1210 12100000 150.0
1211 12110000 65.7
1212 12120000 78.0
1213 12130000 106.0
1214 12140000 51.7
1215 12150000 37.7
1216 12160000 70.7
1217 12170000 67.0
1218 12180000 123.7
1219 12190000 117.7
1220 12200000 105.0
1221 12210000 61.3
1222 12220000 183.7
1223 12230000 30.7
1224 12240000 78.0
1225 12250000 94.7
1226 12260000 103.0
1227 12270000 84.3
1228 12280000 82.3
1229 12290000 84.3
1230 12300000 63.3
1231 12310000 142.0
1232 12320000 157.3
1233 12330000 52.7
1234 12340000 177.7
1235 12350000 128.3
1236 12360000 157.7
1237 12370000 107.0
1238 12380000 95.7
1239 12390000 62.0
1240 12400000 154.3
1241 12410000 53.7
1242 12420000 235.0
1243 12430000 181.7
1244 12440000 125.7
1245 12450000 108.0
1246 12460000 57.3
1247 12470000 124.0
1248 12480000 84.3
1249 12490000 74.0
1250 12500000 53.0
1251 12510000 73.0
1252 12520000 129.0
1253 12530000 114.0
1254 12540000 53.7
1255 12550000 72.7
1256 12560000 84.0
1257 12570000 101.7
1258 12580000 95.3
1259 12590000 123.3
1260 12600000 176.7
1261 12610000 100.7
1262 12620000 186.0
1263 12630000 228.7
1264 12640000 114.0
1265 12650000 260.3
1266 12660000 44.3
1267 12670000 65.0
1268 12680000 127.7
1269 12690000 149.7
1270 12700000 48.0
1271 12710000 127.0
1272 12720000 79.0
1273 12730000 213.3
1274 12740000 54.3
1275 12750000 84.0
1276 12760000 143.0
1277 12770000 89.7
1278 12780000 143.3
1279 12790000 71.7
1280 12800000 71.7
1281 12810000 121.7
1282 12820000 155.7
1283 12830000 123.3
1284 12840000 82.3
1285 12850000 69.7
1286 12860000 64.7
1287 12870000 112.0
1288 12880000 142.7
1289 12890000 66.7
1290 12900000 215.3
1291 12910000 105.3
1292 12920000 181.3
1293 12930000 184.0
1294 12940000 128.3
1295 12950000 93.7
1296 12960000 179.0
1297 12970000 103.3
1298 12980000 52.7
1299 12990000 63.3
1300 13000000 111.3
1301 13010000 59.0
1302 13020000 70.3
1303 13030000 138.3
1304 13040000 60.7
1305 13050000 178.7
1306 13060000 125.7
1307 13070000 27.3
1308 13080000 149.0
1309 13090000 264.3
1310 13100000 83.3
1311 13110000 100.0
1312 13120000 155.0
1313 13130000 62.7
1314 13140000 85.7
1315 13150000 125.7
1316 13160000 234.7
1317 13170000 172.0
1318 13180000 100.7
1319 13190000 85.0
1320 13200000 121.7
1321 13210000 80.7
1322 13220000 117.3
1323 13230000 60.7
1324 13240000 130.0
1325 13250000 164.7
1326 13260000 175.3
1327 13270000 148.0
1328 13280000 84.3
1329 13290000 80.3
1330 13300000 81.7
1331 13310000 196.0
1332 13320000 163.7
1333 13330000 67.3
1334 13340000 73.3
1335 13350000 110.3
1336 13360000 113.7
1337 13370000 167.7
1338 13380000 48.3
1339 13390000 46.0
1340 13400000 253.7
1341 13410000 92.0
1342 13420000 241.3
1343 13430000 121.7
1344 13440000 122.0
1345 13450000 94.0
1346 13460000 224.7
1347 13470000 95.3
1348 13480000 259.0
1349 13490000 126.7
1350 13500000 188.7
1351 13510000 100.0
1352 13520000 89.0
1353 13530000 62.0
1354 13540000 152.0
1355 13550000 40.3
1356 13560000 51.3
1357 13570000 110.3
1358 13580000 115.3
1359 13590000 202.0
1360 13600000 52.0
1361 13610000 196.7
1362 13620000 47.0
1363 13630000 131.3
1364 13640000 48.0
1365 13650000 139.3
1366 13660000 142.7
1367 13670000 88.0
1368 13680000 59.0
1369 13690000 200.3
1370 13700000 120.0
1371 13710000 71.0
1372 13720000 82.3
1373 13730000 204.3
1374 13740000 159.7
1375 13750000 114.0
1376 13760000 97.7
1377 13770000 135.0
1378 13780000 79.3
1379 13790000 143.0
1380 13800000 50.7
1381 13810000 184.3
1382 13820000 177.7
1383 13830000 163.0
1384 13840000 122.7
1385 13850000 72.7
1386 13860000 82.3
1387 13870000 47.0
1388 13880000 138.3
1389 13890000 127.7
1390 13900000 112.3
1391 13910000 189.7
1392 13920000 60.7
1393 13930000 154.0
1394 13940000 73.7
1395 13950000 152.0
1396 13960000 113.7
1397 13970000 121.3
1398 13980000 91.3
1399 13990000 168.0
1400 14000000 131.7
1401 14010000 71.0
1402 14020000 181.7
1403 14030000 52.7
1404 14040000 65.3
1405 14050000 104.7
1406 14060000 96.7
1407 14070000 54.3
1408 14080000 93.0
1409 14090000 94.0
1410 14100000 203.7
1411 14110000 99.3
1412 14120000 215.0
1413 14130000 169.0
1414 14140000 66.0
1415 14150000 63.7
1416 14160000 64.0
1417 14170000 168.3
1418 14180000 51.3
1419 14190000 111.7
1420 14200000 77.0
1421 14210000 67.0
1422 14220000 203.7
1423 14230000 83.7
1424 14240000 196.0
1425 14250000 115.3
1426 14260000 75.3
1427 14270000 95.7
1428 14280000 196.3
1429 14290000 84.0
1430 14300000 139.7
1431 14310000 88.3
1432 14320000 90.7
1433 14330000 146.0
1434 14340000 116.7
1435 14350000 96.7
1436 14360000 75.7
1437 14370000 64.0
1438 14380000 76.0
1439 14390000 171.0
1440 14400000 91.7
1441 14410000 108.3
1442 14420000 197.7
1443 14430000 162.3
1444 14440000 148.7
1445 14450000 122.7
1446 14460000 64.7
1447 14470000 184.7
1448 14480000 145.3
1449 14490000 130.0
1450 14500000 88.3
1451 14510000 71.7
1452 14520000 132.3
1453 14530000 129.7
1454 14540000 206.3
1455 14550000 67.7
1456 14560000 117.0
1457 14570000 110.0
1458 14580000 92.3
1459 14590000 100.7
1460 14600000 173.7
1461 14610000 81.3
1462 14620000 199.3
1463 14630000 103.0
1464 14640000 214.7
1465 14650000 243.7
1466 14660000 137.7
1467 14670000 141.7
1468 14680000 164.3
1469 14690000 103.3
1470 14700000 257.3
1471 14710000 169.0
1472 14720000 200.0
1473 14730000 203.7
1474 14740000 125.7
1475 14750000 60.3
1476 14760000 78.0
1477 14770000 50.0
1478 14780000 154.7
1479 14790000 176.0
1480 14800000 128.0
1481 14810000 154.3
1482 14820000 67.7
1483 14830000 159.3
1484 14840000 187.7
1485 14850000 151.3
1486 14860000 154.7
1487 14870000 278.7
1488 14880000 175.7
1489 14890000 82.0
1490 14900000 93.0
1491 14910000 79.7
1492 14920000 144.3
1493 14930000 58.0
1494 14940000 25.3
1495 14950000 94.3
1496 14960000 77.7
1497 14970000 108.0
1498 14980000 102.3
1499 14990000 49.0
1500 15000000 125.0
1501 15010000 77.3
1502 15020000 165.7
1503 15030000 173.7
1504 15040000 161.0
1505 15050000 78.3
1506 15060000 152.3
1507 15070000 89.7
1508 15080000 77.7
1509 15090000 78.0
1510 15100000 171.3
1511 15110000 222.0
1512 15120000 80.3
1513 15130000 67.7
1514 15140000 259.3
1515 15150000 170.3
1516 15160000 131.7
1517 15170000 79.3
1518 15180000 159.0
1519 15190000 125.0
1520 15200000 83.0
1521 15210000 91.7
1522 15220000 229.7
1523 15230000 122.0
1524 15240000 147.3
1525 15250000 108.7
1526 15260000 182.3
1527 15270000 188.3
1528 15280000 161.0
1529 15290000 129.0
1530 15300000 184.0
1531 15310000 106.0
1532 15320000 179.7
1533 15330000 110.0
1534 15340000 127.7
1535 15350000 124.7
1536 15360000 94.7
1537 15370000 143.0
1538 15380000 183.0
1539 15390000 177.3
1540 15400000 62.7
1541 15410000 148.0
1542 15420000 234.3
1543 15430000 185.7
1544 15440000 88.7
1545 15450000 164.0
1546 15460000 152.7
1547 15470000 258.3
1548 15480000 93.0
1549 15490000 123.0
1550 15500000 192.0
1551 15510000 125.0
1552 15520000 166.0
1553 15530000 117.3
1554 15540000 220.0
1555 15550000 126.3
1556 15560000 192.3
1557 15570000 167.3
1558 15580000 93.7
1559 15590000 178.7
1560 15600000 138.0
1561 15610000 186.0
1562 15620000 231.0
1563 15630000 100.7
1564 15640000 172.3
1565 15650000 125.7
1566 15660000 192.7
1567 15670000 56.3
1568 15680000 63.7
1569 15690000 243.3
1570 15700000 98.0
1571 15710000 81.0
1572 15720000 99.3
1573 15730000 95.3
1574 15740000 187.3
1575 15750000 53.0
1576 15760000 98.7
1577 15770000 131.3
1578 15780000 116.3
1579 15790000 85.7
1580 15800000 87.0
1581 15810000 74.7
1582 15820000 95.0
1583 15830000 102.7
1584 15840000 234.3
1585 15850000 129.7
1586 15860000 165.0
1587 15870000 60.7
1588 15880000 89.3
1589 15890000 136.7
1590 15900000 163.0
1591 15910000 49.7
1592 15920000 255.3
1593 15930000 167.0
1594 15940000 84.0
1595 15950000 114.7
1596 15960000 120.0
1597 15970000 198.3
1598 15980000 131.0
1599 15990000 129.7
1600 16000000 131.7
1601 16010000 125.7
1602 16020000 200.3
1603 16030000 98.3
1604 16040000 83.3
1605 16050000 236.3
1606 16060000 188.3
1607 16070000 126.7
1608 16080000 73.3
1609 16090000 139.7
1610 16100000 139.3
1611 16110000 87.3
1612 16120000 154.3
1613 16130000 110.7
1614 16140000 132.3
1615 16150000 44.3
1616 16160000 135.3
1617 16170000 209.0
1618 16180000 61.3
1619 16190000 177.0
1620 16200000 217.7
1621 16210000 211.3
1622 16220000 76.7
1623 16230000 186.0
1624 16240000 195.3
1625 16250000 161.3
1626 16260000 90.7
1627 16270000 109.7
1628 16280000 148.3
1629 16290000 189.3
1630 16300000 178.7
1631 16310000 190.0
1632 16320000 167.3
1633 16330000 167.3
1634 16340000 71.7
1635 16350000 137.3
1636 16360000 58.3
1637 16370000 136.7
1638 16380000 157.3
1639 16390000 214.0
1640 16400000 165.7
1641 16410000 170.3
1642 16420000 76.0
1643 16430000 140.3
1644 16440000 48.3
1645 16450000 166.7
1646 16460000 106.7
1647 16470000 253.3
1648 16480000 52.3
1649 16490000 211.3
1650 16500000 150.3
1651 16510000 65.3
1652 16520000 116.0
1653 16530000 121.0
1654 16540000 171.3
1655 16550000 35.3
1656 16560000 126.7
1657 16570000 119.7
1658 16580000 168.3
1659 16590000 123.7
1660 16600000 229.3
1661 16610000 77.0
1662 16620000 116.7
1663 16630000 174.3
1664 16640000 84.7
1665 16650000 168.0
1666 16660000 220.0
1667 16670000 125.3
1668 16680000 172.0
1669 16690000 144.7
1670 16700000 141.0
1671 16710000 81.0
1672 16720000 231.0
1673 16730000 151.3
1674 16740000 206.3
1675 16750000 245.7
1676 16760000 198.7
1677 16770000 208.7
1678 16780000 148.3
1679 16790000 88.7
1680 16800000 112.7
1681 16810000 241.0
1682 16820000 165.0
1683 16830000 91.7
1684 16840000 117.7
1685 16850000 157.7
1686 16860000 150.7
1687 16870000 181.7
1688 16880000 164.3
1689 16890000 141.3
1690 16900000 98.0
1691 16910000 97.0
1692 16920000 82.7
1693 16930000 158.3
1694 16940000 175.3
1695 16950000 143.3
1696 16960000 181.7
1697 16970000 272.7
1698 16980000 132.7
1699 16990000 161.0
1700 17000000 143.0
1701 17010000 70.7
1702 17020000 91.7
1703 17030000 109.3
1704 17040000 135.3
1705 17050000 181.3
1706 17060000 165.0
1707 17070000 213.7
1708 17080000 158.7
1709 17090000 216.7
1710 17100000 160.0
1711 17110000 100.7
1712 17120000 202.3
1713 17130000 160.3
1714 17140000 83.0
1715 17150000 77.3
1716 17160000 182.7
1717 17170000 136.7
1718 17180000 217.7
1719 17190000 47.3
1720 17200000 73.0
1721 17210000 189.0
1722 17220000 107.7
1723 17230000 177.7
1724 17240000 150.0
1725 17250000 116.7
1726 17260000 142.3
1727 17270000 268.0
1728 17280000 160.7
1729 17290000 193.0
1730 17300000 63.7
1731 17310000 192.3
1732 17320000 146.3
1733 17330000 106.7
1734 17340000 156.0
1735 17350000 168.7
1736 17360000 196.3
1737 17370000 128.0
1738 17380000 244.0
1739 17390000 142.0
1740 17400000 156.3
1741 17410000 61.7
1742 17420000 120.7
1743 17430000 158.0
1744 17440000 172.3
1745 17450000 214.3
1746 17460000 187.3
1747 17470000 190.7
1748 17480000 163.7
1749 17490000 137.0
1750 17500000 153.0
1751 17510000 235.3
1752 17520000 145.7
1753 17530000 133.3
1754 17540000 206.3
1755 17550000 124.7
1756 17560000 129.0
1757 17570000 193.3
1758 17580000 175.7
1759 17590000 163.0
1760 17600000 181.0
1761 17610000 158.3
1762 17620000 174.7
1763 17630000 164.3
1764 17640000 229.7
1765 17650000 103.3
1766 17660000 53.3
1767 17670000 169.7
1768 17680000 133.3
1769 17690000 55.3
1770 17700000 162.0
1771 17710000 206.7
1772 17720000 131.3
1773 17730000 207.3
1774 17740000 189.3
1775 17750000 174.0
1776 17760000 188.7
1777 17770000 136.7
1778 17780000 70.7
1779 17790000 93.7
1780 17800000 220.0
1781 17810000 93.0
1782 17820000 93.0
1783 17830000 137.0
1784 17840000 224.7
1785 17850000 186.3
1786 17860000 162.0
1787 17870000 146.3
1788 17880000 223.7
1789 17890000 209.0
1790 17900000 199.0
1791 17910000 136.3
1792 17920000 74.7
1793 17930000 117.3
1794 17940000 143.7
1795 17950000 267.0
1796 17960000 227.3
1797 17970000 272.0
1798 17980000 287.3
1799 17990000 127.7
1800 18000000 97.7
1801 18010000 152.7
1802 18020000 173.3
1803 18030000 182.3
1804 18040000 131.7
1805 18050000 162.0
1806 18060000 214.3
1807 18070000 42.7
1808 18080000 190.0
1809 18090000 251.3
1810 18100000 150.3
1811 18110000 235.3
1812 18120000 51.0
1813 18130000 173.0
1814 18140000 240.7
1815 18150000 81.0
1816 18160000 204.3
1817 18170000 178.3
1818 18180000 170.0
1819 18190000 231.0
1820 18200000 247.0
1821 18210000 93.3
1822 18220000 200.7
1823 18230000 195.0
1824 18240000 261.7
1825 18250000 102.3
1826 18260000 133.0
1827 18270000 102.0
1828 18280000 226.0
1829 18290000 121.7
1830 18300000 160.3
1831 18310000 172.0
1832 18320000 74.3
1833 18330000 67.7
1834 18340000 123.3
1835 18350000 109.7
1836 18360000 176.0
1837 18370000 184.0
1838 18380000 84.3
1839 18390000 206.0
1840 18400000 193.7
1841 18410000 125.7
1842 18420000 182.3
1843 18430000 81.3
1844 18440000 134.0
1845 18450000 97.0
1846 18460000 205.7
1847 18470000 191.7
1848 18480000 135.3
1849 18490000 81.0
1850 18500000 213.3
1851 18510000 301.0
1852 18520000 181.7
1853 18530000 113.7
1854 18540000 110.7
1855 18550000 192.3
1856 18560000 195.3
1857 18570000 84.0
1858 18580000 117.3
1859 18590000 158.3
1860 18600000 169.0
1861 18610000 59.0
1862 18620000 175.0
1863 18630000 67.7
1864 18640000 185.7
1865 18650000 182.3
1866 18660000 32.0
1867 18670000 202.0
1868 18680000 92.0
1869 18690000 44.7
1870 18700000 206.7
1871 18710000 214.3
1872 18720000 130.7
1873 18730000 159.3
1874 18740000 157.3
1875 18750000 163.7
1876 18760000 129.7
1877 18770000 173.3
1878 18780000 244.0
1879 18790000 134.0
1880 18800000 227.3
1881 18810000 194.3
1882 18820000 124.7
1883 18830000 66.3
1884 18840000 110.0
1885 18850000 187.0
1886 18860000 148.3
1887 18870000 162.3
1888 18880000 200.0
1889 18890000 195.0
1890 18900000 216.7
1891 18910000 112.0
1892 18920000 163.3
1893 18930000 174.3
1894 18940000 209.0
1895 18950000 209.3
1896 18960000 110.3
1897 18970000 249.0
1898 18980000 88.0
1899 18990000 108.0
1900 19000000 134.0
1901 19010000 160.7
1902 19020000 114.7
1903 19030000 208.7
1904 19040000 146.3
1905 19050000 199.0
1906 19060000 131.7
1907 19070000 76.0
1908 19080000 54.7
1909 19090000 130.7
1910 19100000 214.7
1911 19110000 170.0
1912 19120000 197.3
1913 19130000 154.3
1914 19140000 169.3
1915 19150000 209.3
1916 19160000 193.3
1917 19170000 208.7
1918 19180000 181.0
1919 19190000 133.0
1920 19200000 92.7
1921 19210000 58.0
1922 19220000 113.0
1923 19230000 116.7
1924 19240000 172.3
1925 19250000 212.0
1926 19260000 55.3
1927 19270000 272.0
1928 19280000 139.3
1929 19290000 96.3
1930 19300000 150.3
1931 19310000 65.0
1932 19320000 128.7
1933 19330000 137.0
1934 19340000 258.3
1935 19350000 213.0
1936 19360000 175.7
1937 19370000 126.0
1938 19380000 218.0
1939 19390000 238.3
1940 19400000 188.3
1941 19410000 97.3
1942 19420000 160.3
1943 19430000 164.3
1944 19440000 138.3
1945 19450000 163.7
1946 19460000 240.0
1947 19470000 125.3
1948 19480000 140.3
1949 19490000 185.7
1950 19500000 199.3
1951 19510000 205.3
1952 19520000 223.0
1953 19530000 293.3
1954 19540000 112.7
1955 19550000 47.0
1956 19560000 142.7
1957 19570000 142.0
1958 19580000 84.3
1959 19590000 134.7
1960 19600000 211.3
1961 19610000 167.7
1962 19620000 146.0
1963 19630000 201.3
1964 19640000 120.0
1965 19650000 72.0
1966 19660000 93.0
1967 19670000 231.0
1968 19680000 146.0
1969 19690000 252.7
1970 19700000 157.0
1971 19710000 168.0
1972 19720000 182.0
1973 19730000 163.3
1974 19740000 131.0
1975 19750000 97.3
1976 19760000 141.7
1977 19770000 239.7
1978 19780000 226.3
1979 19790000 150.0
1980 19800000 229.7
1981 19810000 174.3
1982 19820000 217.7
1983 19830000 145.3
1984 19840000 198.0
1985 19850000 125.0
1986 19860000 135.3
1987 19870000 52.7
1988 19880000 202.3
1989 19890000 148.3
1990 19900000 165.0
1991 19910000 142.0
1992 19920000 123.7
1993 19930000 195.0
1994 19940000 204.0
1995 19950000 150.3
1996 19960000 215.3
1997 19970000 210.0
1998 19980000 222.0
1999 19990000 208.3
2000 20000000 193.7
2001 20010000 80.3
2002 20020000 164.7
2003 20030000 180.0
2004 20040000 234.0
2005 20050000 248.3
2006 20060000 98.7
2007 20070000 140.0
2008 20080000 125.0
2009 20090000 288.0
2010 20100000 253.0
2011 20110000 71.7
2012 20120000 152.0
2013 20130000 154.7
2014 20140000 164.3
2015 20150000 133.3
2016 20160000 150.0
2017 20170000 166.7
2018 20180000 151.0
2019 20190000 279.7
2020 20200000 80.7
2021 20210000 155.3
2022 20220000 208.0
2023 20230000 45.3
2024 20240000 185.7
2025 20250000 349.3
2026 20260000 196.0
2027 20270000 146.0
2028 20280000 310.3
2029 20290000 140.7
2030 20300000 153.3
2031 20310000 229.3
2032 20320000 250.7
2033 20330000 182.0
2034 20340000 111.7
2035 20350000 127.0
2036 20360000 199.7
2037 20370000 148.0
2038 20380000 182.7
2039 20390000 292.0
2040 20400000 296.3
2041 20410000 98.7
2042 20420000 229.3
2043 20430000 174.7
2044 20440000 237.3
2045 20450000 128.3
2046 20460000 236.7
2047 20470000 306.0
2048 20480000 197.3
2049 20490000 251.0
2050 20500000 198.0
2051 20510000 160.7
2052 20520000 235.7
2053 20530000 288.3
2054 20540000 172.7
2055 20550000 100.0
2056 20560000 141.7
2057 20570000 256.7
2058 20580000 245.7
2059 20590000 68.0
2060 20600000 151.0
2061 20610000 83.7
2062 20620000 264.0
2063 20630000 159.7
2064 20640000 93.7
2065 20650000 121.7
2066 20660000 214.3
2067 20670000 108.7
2068 20680000 147.0
2069 20690000 125.0
2070 20700000 225.3
2071 20710000 142.7
2072 20720000 60.3
2073 20730000 152.3
2074 20740000 240.7
2075 20750000 108.0
2076 20760000 238.7
2077 20770000 146.0
2078 20780000 267.0
2079 20790000 175.0
2080 20800000 144.3
2081 20810000 187.0
2082 20820000 165.0
2083 20830000 182.0
2084 20840000 125.0
2085 20850000 82.0
2086 20860000 174.0
2087 20870000 134.3
2088 20880000 145.7
2089 20890000 47.0
2090 20900000 154.7
2091 20910000 174.7
2092 20920000 141.3
2093 20930000 199.3
2094 20940000 195.0
2095 20950000 169.3
2096 20960000 204.7
2097 20970000 224.0
2098 20980000 212.3
2099 20990000 105.7
2100 21000000 168.7
2101 21010000 237.3
2102 21020000 154.3
2103 21030000 154.3
2104 21040000 225.7
2105 21050000 189.7
2106 21060000 124.0
2107 21070000 210.7
2108 21080000 156.3
2109 21090000 231.7
2110 21100000 70.0
2111 21110000 251.7
2112 21120000 207.0
2113 21130000 140.0
2114 21140000 238.7
2115 21150000 92.0
2116 21160000 66.3
2117 21170000 119.0
2118 21180000 150.7
2119 21190000 95.7
2120 21200000 263.7
2121 21210000 64.7
2122 21220000 108.0
2123 21230000 120.3
2124 21240000 161.3
2125 21250000 164.7
2126 21260000 244.0
2127 21270000 143.0
2128 21280000 167.0
2129 21290000 169.0
2130 21300000 191.0
2131 21310000 107.0
2132 21320000 166.3
2133 21330000 294.7
2134 21340000 66.3
2135 21350000 251.7
2136 21360000 242.7
2137 21370000 147.0
2138 21380000 190.0
2139 21390000 123.3
2140 21400000 189.0
2141 21410000 160.3
2142 21420000 216.0
2143 21430000 186.0
2144 21440000 228.7
2145 21450000 131.3
2146 21460000 200.0
2147 21470000 158.7
2148 21480000 108.0
2149 21490000 109.7
2150 21500000 86.7
2151 21510000 264.0
2152 21520000 230.0
2153 21530000 120.0
2154 21540000 92.0
2155 21550000 213.3
2156 21560000 121.0
2157 21570000 232.3
2158 21580000 158.0
2159 21590000 161.0
2160 21600000 128.7
2161 21610000 162.7
2162 21620000 229.7
2163 21630000 250.0
2164 21640000 176.0
2165 21650000 341.0
2166 21660000 126.0
2167 21670000 89.3
2168 21680000 246.7
2169 21690000 268.0
2170 21700000 188.7
2171 21710000 232.0
2172 21720000 114.3
2173 21730000 60.7
2174 21740000 182.3
2175 21750000 283.3
2176 21760000 153.7
2177 21770000 166.7
2178 21780000 217.3
2179 21790000 127.0
2180 21800000 165.3
2181 21810000 250.3
2182 21820000 219.3
2183 21830000 203.3
2184 21840000 177.0
2185 21850000 134.3
2186 21860000 130.3
2187 21870000 168.3
2188 21880000 204.0
2189 21890000 114.3
2190 21900000 92.3
2191 21910000 209.7
2192 21920000 116.0
2193 21930000 211.0
2194 21940000 234.0
2195 21950000 185.3
2196 21960000 127.0
2197 21970000 179.3
2198 21980000 58.3
2199 21990000 235.3
2200 22000000 170.0
2201 22010000 183.7
2202 22020000 182.7
2203 22030000 139.3
2204 22040000 139.0
2205 22050000 201.0
2206 22060000 240.0
2207 22070000 106.0
2208 22080000 217.0
2209 22090000 115.0
2210 22100000 272.0
2211 22110000 285.7
2212 22120000 279.0
2213 22130000 217.7
2214 22140000 161.3
2215 22150000 269.3
2216 22160000 298.3
2217 22170000 226.3
2218 22180000 204.0
2219 22190000 104.0
2220 22200000 186.3
2221 22210000 234.7
2222 22220000 87.3
2223 22230000 197.7
2224 22240000 187.0
2225 22250000 256.7
2226 22260000 119.7
2227 22270000 234.7
2228 22280000 151.7
2229 22290000 295.7
2230 22300000 86.7
2231 22310000 92.3
2232 22320000 89.0
2233 22330000 67.7
2234 22340000 152.7
2235 22350000 222.0
2236 22360000 192.3
2237 22370000 234.0
2238 22380000 88.7
2239 22390000 219.0
2240 22400000 138.0
2241 22410000 174.7
2242 22420000 261.3
2243 22430000 275.3
2244 22440000 93.0
2245 22450000 149.3
2246 22460000 193.0
2247 22470000 129.0
2248 22480000 194.7
2249 22490000 161.0
2250 22500000 130.0
2251 22510000 304.3
2252 22520000 178.3
2253 22530000 193.0
2254 22540000 184.7
2255 22550000 193.0
2256 22560000 155.3
2257 22570000 313.7
2258 22580000 204.0
2259 22590000 164.3
2260 22600000 311.0
2261 22610000 114.0
2262 22620000 86.7
2263 22630000 281.0
2264 22640000 120.3
2265 22650000 265.7
2266 22660000 223.0
2267 22670000 273.7
2268 22680000 301.7
2269 22690000 99.3
2270 22700000 298.3
2271 22710000 162.0
2272 22720000 206.7
2273 22730000 262.7
2274 22740000 189.7
2275 22750000 212.0
2276 22760000 234.7
2277 22770000 97.3
2278 22780000 69.7
2279 22790000 208.3
2280 22800000 92.0
2281 22810000 259.3
2282 22820000 155.3
2283 22830000 227.3
2284 22840000 164.0
2285 22850000 117.7
2286 22860000 256.7
2287 22870000 169.3
2288 22880000 294.3
2289 22890000 102.3
2290 22900000 116.7
2291 22910000 251.7
2292 22920000 269.7
2293 22930000 357.0
2294 22940000 217.3
2295 22950000 153.3
2296 22960000 240.7
2297 22970000 86.0
2298 22980000 332.3
2299 22990000 157.3
2300 23000000 112.3
2301 23010000 267.3
2302 23020000 76.7
2303 23030000 205.3
2304 23040000 346.0
2305 23050000 236.0
2306 23060000 297.3
2307 23070000 129.3
2308 23080000 238.7
2309 23090000 294.3
2310 23100000 298.0
2311 23110000 331.0
2312 23120000 257.7
2313 23130000 173.0
2314 23140000 216.3
2315 23150000 234.3
2316 23160000 174.3
2317 23170000 183.0
2318 23180000 346.3
2319 23190000 156.7
2320 23200000 221.7
2321 23210000 286.7
2322 23220000 318.7
2323 23230000 166.7
2324 23240000 343.7
2325 23250000 217.0
2326 23260000 134.0
2327 23270000 241.0
2328 23280000 127.7
2329 23290000 372.0
2330 23300000 243.7
2331 23310000 251.0
2332 23320000 210.7
2333 23330000 157.0
2334 23340000 318.0
2335 23350000 215.0
2336 23360000 289.7
2337 23370000 187.0
2338 23380000 189.7
2339 23390000 156.0
2340 23400000 271.7
2341 23410000 170.7
2342 23420000 104.7
2343 23430000 250.0
2344 23440000 146.3
2345 23450000 193.0
2346 23460000 305.3
2347 23470000 171.0
2348 23480000 252.7
2349 23490000 228.0
2350 23500000 329.0
2351 23510000 244.7
2352 23520000 220.3
2353 23530000 291.0
2354 23540000 171.7
2355 23550000 177.0
2356 23560000 89.3
2357 23570000 207.0
2358 23580000 216.0
2359 23590000 348.3
2360 23600000 154.0
2361 23610000 50.0
2362 23620000 123.3
2363 23630000 118.7
2364 23640000 194.7
2365 23650000 335.7
2366 23660000 249.7
2367 23670000 283.7
2368 23680000 153.0
2369 23690000 225.3
2370 23700000 153.3
2371 23710000 285.3
2372 23720000 208.0
2373 23730000 107.7
2374 23740000 267.0
2375 23750000 208.0
2376 23760000 283.3
2377 23770000 142.0
2378 23780000 126.0
2379 23790000 324.7
2380 23800000 292.7
2381 23810000 244.7
2382 23820000 234.3
2383 23830000 197.7
2384 23840000 285.3
2385 23850000 119.3
2386 23860000 154.3
2387 23870000 160.7
2388 23880000 309.0
2389 23890000 94.0
2390 23900000 239.3
2391 23910000 184.3
2392 23920000 109.3
2393 23930000 297.3
2394 23940000 204.3
2395 23950000 99.7
2396 23960000 56.0
2397 23970000 156.3
2398 23980000 303.0
2399 23990000 368.3
2400 24000000 220.7
2401 24010000 89.0
2402 24020000 289.7
2403 24030000 238.3
2404 24040000 129.0
2405 24050000 186.0
2406 24060000 223.0
2407 24070000 265.3
2408 24080000 279.3
2409 24090000 273.7
2410 24100000 280.0
2411 24110000 135.3
2412 24120000 229.7
2413 24130000 311.3
2414 24140000 161.0
2415 24150000 40.3
2416 24160000 259.7
2417 24170000 184.3
2418 24180000 194.3
2419 24190000 206.3
2420 24200000 240.7
2421 24210000 209.7
2422 24220000 199.3
2423 24230000 244.0
2424 24240000 174.7
2425 24250000 45.3
2426 24260000 274.7
2427 24270000 293.3
2428 24280000 46.0
2429 24290000 278.7
2430 24300000 124.7
2431 24310000 151.7
2432 24320000 285.7
2433 24330000 351.7
2434 24340000 239.0
2435 24350000 219.7
2436 24360000 252.3
2437 24370000 248.3
2438 24380000 372.0
2439 24390000 288.0
2440 24400000 179.3
2441 24410000 191.3
2442 24420000 307.0
2443 24430000 182.3
2444 24440000 244.7
2445 24450000 331.3
2446 24460000 96.0
2447 24470000 178.0
2448 24480000 230.7
2449 24490000 162.0
2450 24500000 137.7
2451 24510000 292.3
2452 24520000 156.0
2453 24530000 154.0
2454 24540000 182.3
2455 24550000 126.3
2456 24560000 263.7
2457 24570000 230.0
2458 24580000 197.7
2459 24590000 311.0
2460 24600000 311.3
2461 24610000 65.3
2462 24620000 166.3
2463 24630000 275.7
2464 24640000 199.7
2465 24650000 185.7
2466 24660000 249.7
2467 24670000 190.0
2468 24680000 257.7
2469 24690000 341.3
2470 24700000 251.7
2471 24710000 224.0
2472 24720000 210.0
2473 24730000 174.3
2474 24740000 375.7
2475 24750000 321.7
2476 24760000 223.7
2477 24770000 172.0
2478 24780000 67.0
2479 24790000 134.0
2480 24800000 204.3
2481 24810000 164.7
2482 24820000 129.7
2483 24830000 285.7
2484 24840000 197.3
2485 24850000 79.3
2486 24860000 175.3
2487 24870000 136.0
2488 24880000 244.3
2489 24890000 240.0
2490 24900000 258.3
2491 24910000 275.0
2492 24920000 64.0
2493 24930000 177.7
2494 24940000 170.0
2495 24950000 183.7
2496 24960000 385.3
2497 24970000 266.3
2498 24980000 201.7
2499 24990000 176.0
2500 25000000 236.7
2501 25010000 239.0
2502 25020000 185.3
2503 25030000 182.3
2504 25040000 176.7
2505 25050000 155.3
2506 25060000 246.0
2507 25070000 248.3
2508 25080000 65.3
2509 25090000 388.7
2510 25100000 168.7
2511 25110000 199.3
2512 25120000 181.7
2513 25130000 215.3
2514 25140000 177.0
2515 25150000 133.3
2516 25160000 288.7
2517 25170000 203.3
2518 25180000 146.7
2519 25190000 297.0
2520 25200000 76.0
2521 25210000 251.0
2522 25220000 143.3
2523 25230000 136.3
2524 25240000 173.3
2525 25250000 71.3
2526 25260000 342.3
2527 25270000 276.0
2528 25280000 222.7
2529 25290000 177.3
2530 25300000 183.3
2531 25310000 159.7
2532 25320000 221.3
2533 25330000 251.7
2534 25340000 289.0
2535 25350000 228.3
2536 25360000 285.0
2537 25370000 362.7
2538 25380000 151.3
2539 25390000 278.3
2540 25400000 221.3
2541 25410000 181.0
2542 25420000 256.7
2543 25430000 271.0
2544 25440000 304.0
2545 25450000 129.3
2546 25460000 240.7
2547 25470000 122.3
2548 25480000 261.7
2549 25490000 303.7
2550 25500000 274.0
2551 25510000 250.7
2552 25520000 175.7
2553 25530000 237.3
2554 25540000 129.0
2555 25550000 223.0
2556 25560000 365.7
2557 25570000 310.7
2558 25580000 214.3
2559 25590000 184.3
2560 25600000 318.0
2561 25610000 330.0
2562 25620000 198.0
2563 25630000 128.7
2564 25640000 122.0
2565 25650000 222.3
2566 25660000 263.7
2567 25670000 185.3
2568 25680000 173.3
2569 25690000 243.7
2570 25700000 177.7
2571 25710000 316.3
2572 25720000 198.3
2573 25730000 348.0
2574 25740000 125.0
2575 25750000 210.7
2576 25760000 190.7
2577 25770000 293.0
2578 25780000 240.3
2579 25790000 263.3
2580 25800000 183.0
2581 25810000 95.0
2582 25820000 126.3
2583 25830000 247.0
2584 25840000 234.0
2585 25850000 165.0
2586 25860000 166.7
2587 25870000 263.7
2588 25880000 254.0
2589 25890000 175.0
2590 25900000 185.7
2591 25910000 318.7
2592 25920000 159.3
2593 25930000 232.0
2594 25940000 228.3
2595 25950000 275.0
2596 25960000 129.0
2597 25970000 265.0
2598 25980000 244.7
2599 25990000 180.3
2600 26000000 166.7
2601 26010000 168.0
2602 26020000 50.0
2603 26030000 167.0
2604 26040000 113.0
2605 26050000 132.7
2606 26060000 270.3
2607 26070000 250.3
2608 26080000 165.0
2609 26090000 120.7
2610 26100000 238.7
2611 26110000 279.7
2612 26120000 302.0
2613 26130000 90.3
2614 26140000 179.7
2615 26150000 280.3
2616 26160000 237.3
2617 26170000 203.7
2618 26180000 297.0
2619 26190000 296.7
2620 26200000 179.3
2621 26210000 227.0
2622 26220000 240.0
2623 26230000 123.3
2624 26240000 73.0
2625 26250000 146.3
2626 26260000 250.0
2627 26270000 247.3
2628 26280000 361.3
2629 26290000 281.3
2630 26300000 146.0
2631 26310000 166.7
2632 26320000 187.7
2633 26330000 173.3
2634 26340000 410.3
2635 26350000 222.0
2636 26360000 228.7
2637 26370000 173.7
2638 26380000 347.7
2639 26390000 239.7
2640 26400000 187.3
2641 26410000 170.3
2642 26420000 167.7
2643 26430000 177.0
2644 26440000 316.3
2645 26450000 306.7
2646 26460000 115.3
2647 26470000 164.0
2648 26480000 179.3
2649 26490000 279.0
2650 26500000 121.0
2651 26510000 209.7
2652 26520000 82.7
2653 26530000 257.7
2654 26540000 216.3
2655 26550000 336.3
2656 26560000 198.7
2657 26570000 101.3
2658 26580000 315.7
2659 26590000 179.7
2660 26600000 351.3
2661 26610000 181.3
2662 26620000 289.3
2663 26630000 165.3
2664 26640000 326.0
2665 26650000 296.7
2666 26660000 38.3
2667 26670000 183.3
2668 26680000 136.7
2669 26690000 189.7
2670 26700000 249.0
2671 26710000 381.3
2672 26720000 65.0
2673 26730000 253.3
2674 26740000 252.0
2675 26750000 350.0
2676 26760000 155.3
2677 26770000 356.7
2678 26780000 365.7
2679 26790000 287.0
2680 26800000 199.7
2681 26810000 136.0
2682 26820000 314.0
2683 26830000 261.3
2684 26840000 255.0
2685 26850000 202.0
2686 26860000 221.7
2687 26870000 264.7
2688 26880000 91.7
2689 26890000 351.7
2690 26900000 219.3
2691 26910000 297.0
2692 26920000 206.3
2693 26930000 294.0
2694 26940000 197.0
2695 26950000 180.3
2696 26960000 265.0
2697 26970000 254.0
2698 26980000 128.7
2699 26990000 178.0
2700 27000000 56.3
2701 27010000 293.3
2702 27020000 379.3
2703 27030000 115.3
2704 27040000 279.7
2705 27050000 74.0
2706 27060000 87.7
2707 27070000 58.0
2708 27080000 179.0
2709 27090000 244.0
2710 27100000 111.7
2711 27110000 361.0
2712 27120000 68.7
2713 27130000 128.3
2714 27140000 282.7
2715 27150000 294.0
2716 27160000 288.3
2717 27170000 281.7
2718 27180000 308.3
2719 27190000 252.7
2720 27200000 189.0
2721 27210000 293.7
2722 27220000 274.0
2723 27230000 128.0
2724 27240000 58.0
2725 27250000 256.0
2726 27260000 272.3
2727 27270000 272.7
2728 27280000 406.3
2729 27290000 289.0
2730 27300000 227.0
2731 27310000 307.3
2732 27320000 326.7
2733 27330000 159.0
2734 27340000 166.7
2735 27350000 224.7
2736 27360000 161.7
2737 27370000 215.0
2738 27380000 270.3
2739 27390000 249.0
2740 27400000 260.7
2741 27410000 182.0
2742 27420000 201.3
2743 27430000 118.3
2744 27440000 291.3
2745 27450000 272.3
2746 27460000 214.7
2747 27470000 186.3
2748 27480000 269.0
2749 27490000 150.3
2750 27500000 184.0
2751 27510000 240.3
2752 27520000 307.7
2753 27530000 256.7
2754 27540000 85.0
2755 27550000 327.7
2756 27560000 248.3
2757 27570000 67.3
2758 27580000 276.7
2759 27590000 194.3
2760 27600000 306.0
2761 27610000 184.3
2762 27620000 92.0
2763 27630000 165.0
2764 27640000 240.3
2765 27650000 336.3
2766 27660000 275.3
2767 27670000 176.0
2768 27680000 190.0
2769 27690000 135.7
2770 27700000 197.0
2771 27710000 326.7
2772 27720000 294.3
2773 27730000 60.0
2774 27740000 259.0
2775 27750000 200.0
2776 27760000 294.3
2777 27770000 274.7
2778 27780000 179.0
2779 27790000 155.3
2780 27800000 295.0
2781 27810000 217.0
2782 27820000 262.7
2783 27830000 237.0
2784 27840000 338.3
2785 27850000 321.3
2786 27860000 227.7
2787 27870000 78.0
2788 27880000 296.3
2789 27890000 119.7
2790 27900000 206.7
2791 27910000 288.3
2792 27920000 182.3
2793 27930000 253.3
2794 27940000 151.0
2795 27950000 317.3
2796 27960000 305.0
2797 27970000 179.3
2798 27980000 285.3
2799 27990000 206.7
2800 28000000 280.3
2801 28010000 205.7
2802 28020000 251.7
2803 28030000 157.0
2804 28040000 346.3
2805 28050000 280.7
2806 28060000 208.0
2807 28070000 156.0
2808 28080000 245.7
2809 28090000 257.3
2810 28100000 365.0
2811 28110000 255.0
2812 28120000 173.3
2813 28130000 260.3
2814 28140000 258.0
2815 28150000 270.7
2816 28160000 346.3
2817 28170000 258.0
2818 28180000 191.7
2819 28190000 220.3
2820 28200000 198.7
2821 28210000 193.7
2822 28220000 347.3
2823 28230000 113.3
2824 28240000 299.0
2825 28250000 241.3
2826 28260000 348.7
2827 28270000 364.3
2828 28280000 248.3
2829 28290000 248.0
2830 28300000 227.7
2831 28310000 198.7
2832 28320000 179.7
2833 28330000 303.3
2834 28340000 186.7
2835 28350000 306.0
2836 28360000 128.3
2837 28370000 217.0
2838 28380000 184.7
2839 28390000 89.7
2840 28400000 350.3
2841 28410000 281.7
2842 28420000 138.0
2843 28430000 181.3
2844 28440000 174.7
2845 28450000 278.7
2846 28460000 156.3
2847 28470000 256.7
2848 28480000 168.0
2849 28490000 160.3
2850 28500000 377.0
2851 28510000 213.3
2852 28520000 212.3
2853 28530000 79.3
2854 28540000 381.3
2855 28550000 148.0
2856 28560000 242.0
2857 28570000 167.0
2858 28580000 161.0
2859 28590000 369.3
2860 28600000 352.0
2861 28610000 353.7
2862 28620000 142.7
2863 28630000 248.3
2864 28640000 164.0
2865 28650000 199.7
2866 28660000 252.7
2867 28670000 203.0
2868 28680000 170.7
2869 28690000 42.7
2870 28700000 262.0
2871 28710000 326.3
2872 28720000 140.0
2873 28730000 199.7
2874 28740000 396.0
2875 28750000 188.7
2876 28760000 145.0
2877 28770000 155.3
2878 28780000 204.0
2879 28790000 275.3
2880 28800000 396.3
2881 28810000 151.3
2882 28820000 181.7
2883 28830000 195.3
2884 28840000 267.0
2885 28850000 203.7
2886 28860000 190.3
2887 28870000 159.7
2888 28880000 96.3
2889 28890000 361.7
2890 28900000 372.7
2891 28910000 246.7
2892 28920000 45.0
2893 28930000 128.0
2894 28940000 367.7
2895 28950000 349.7
2896 28960000 124.3
2897 28970000 406.7
2898 28980000 242.3
2899 28990000 233.3
2900 29000000 107.3
2901 29010000 60.0
2902 29020000 177.0
2903 29030000 178.7
2904 29040000 247.7
2905 29050000 194.0
2906 29060000 398.7
2907 29070000 116.0
2908 29080000 202.3
2909 29090000 286.0
2910 29100000 306.3
2911 29110000 178.0
2912 29120000 186.3
2913 29130000 333.3
2914 29140000 161.0
2915 29150000 207.3
2916 29160000 251.3
2917 29170000 286.3
2918 29180000 105.3
2919 29190000 351.0
2920 29200000 72.0
2921 29210000 95.7
2922 29220000 371.3
2923 29230000 277.7
2924 29240000 410.0
2925 29250000 116.7
2926 29260000 207.0
2927 29270000 223.0
2928 29280000 254.0
2929 29290000 126.0
2930 29300000 172.3
2931 29310000 262.7
2932 29320000 265.7
2933 29330000 306.0
2934 29340000 190.7
2935 29350000 252.0
2936 29360000 282.7
2937 29370000 240.7
2938 29380000 173.3
2939 29390000 150.7
2940 29400000 184.7
2941 29410000 179.0
2942 29420000 363.7
2943 29430000 277.3
2944 29440000 206.7
2945 29450000 159.0
2946 29460000 238.0
2947 29470000 298.0
2948 29480000 368.0
2949 29490000 272.3
2950 29500000 268.0
2951 29510000 175.3
2952 29520000 245.0
2953 29530000 58.3
2954 29540000 345.0
2955 29550000 270.7
2956 29560000 160.0
2957 29570000 377.3
2958 29580000 386.0
2959 29590000 389.0
2960 29600000 293.7
2961 29610000 332.0
2962 29620000 322.3
2963 29630000 242.0
2964 29640000 231.7
2965 29650000 252.0
2966 29660000 294.7
2967 29670000 247.3
2968 29680000 271.7
2969 29690000 306.3
2970 29700000 228.7
2971 29710000 279.7
2972 29720000 193.0
2973 29730000 136.7
2974 29740000 141.3
2975 29750000 268.7
2976 29760000 279.7
2977 29770000 250.7
2978 29780000 270.7
2979 29790000 400.3
2980 29800000 281.0
2981 29810000 309.3
2982 29820000 368.0
2983 29830000 286.7
2984 29840000 90.0
2985 29850000 119.3
2986 29860000 179.3
2987 29870000 334.7
2988 29880000 233.7
2989 29890000 241.7
2990 29900000 290.7
2991 29910000 325.0
2992 29920000 242.7
2993 29930000 182.0
2994 29940000 197.0
2995 29950000 230.7
2996 29960000 220.7
2997 29970000 150.3
2998 29980000 179.0
2999 29990000 176.7
3000 30000000 375.7
3001 30010000 178.0
3002 30020000 248.3
3003 30030000 102.0
3004 30040000 338.7
3005 30050000 281.0
3006 30060000 374.7
3007 30070000 234.7
3008 30080000 234.7
3009 30090000 140.3
3010 30100000 182.3
3011 30110000 341.7
3012 30120000 294.0
3013 30130000 229.0
3014 30140000 173.7
3015 30150000 258.0
3016 30160000 228.0
3017 30170000 146.3
3018 30180000 392.7
3019 30190000 201.0
3020 30200000 181.0
3021 30210000 320.7
3022 30220000 233.0
3023 30230000 325.3
3024 30240000 55.0
3025 30250000 350.0
3026 30260000 224.0
3027 30270000 166.0
3028 30280000 88.7
3029 30290000 244.3
3030 30300000 364.3
3031 30310000 182.0
3032 30320000 43.3
3033 30330000 144.3
3034 30340000 226.7
3035 30350000 195.0
3036 30360000 227.7
3037 30370000 371.0
3038 30380000 293.7
3039 30390000 71.7
3040 30400000 171.7
3041 30410000 334.3
3042 30420000 196.0
3043 30430000 365.3
3044 30440000 292.7
3045 30450000 309.0
3046 30460000 183.7
3047 30470000 217.7
3048 30480000 191.3
3049 30490000 124.0
3050 30500000 141.0
3051 30510000 292.3
3052 30520000 176.0
3053 30530000 262.7
3054 30540000 299.0
3055 30550000 62.0
3056 30560000 279.0
3057 30570000 174.3
3058 30580000 296.0
3059 30590000 287.3
3060 30600000 277.3
3061 30610000 221.3
3062 30620000 238.3
3063 30630000 33.0
3064 30640000 183.3
3065 30650000 217.3
3066 30660000 270.7
3067 30670000 306.7
3068 30680000 299.3
3069 30690000 194.0
3070 30700000 253.3
3071 30710000 156.3
3072 30720000 277.0
3073 30730000 147.7
3074 30740000 174.3
3075 30750000 172.7
3076 30760000 285.0
3077 30770000 232.3
3078 30780000 248.0
3079 30790000 295.7
3080 30800000 163.0
3081 30810000 281.0
3082 30820000 249.3
3083 30830000 172.7
3084 30840000 243.3
3085 30850000 114.7
3086 30860000 164.3
3087 30870000 267.3
3088 30880000 270.0
3089 30890000 220.3
3090 30900000 331.3
3091 30910000 69.0
3092 30920000 195.7
3093 30930000 237.7
3094 30940000 366.0
3095 30950000 289.7
3096 30960000 226.7
3097 30970000 274.3
3098 30980000 325.0
3099 30990000 153.0
3100 31000000 146.0
3101 31010000 157.0
3102 31020000 180.7
3103 31030000 232.0
3104 31040000 269.7
3105 31050000 245.3
3106 31060000 49.7
3107 31070000 255.7
3108 31080000 284.7
3109 31090000 61.0
3110 31100000 165.0
3111 31110000 273.3
3112 31120000 178.7
3113 31130000 69.3
3114 31140000 292.0
3115 31150000 342.0
3116 31160000 214.3
3117 31170000 259.0
3118 31180000 375.7
3119 31190000 109.3
3120 31200000 302.0
3121 31210000 295.0
3122 31220000 179.0
3123 31230000 249.0
3124 31240000 416.0
3125 31250000 154.3
3126 31260000 187.3
3127 31270000 349.0
3128 31280000 420.0
3129 31290000 56.7
3130 31300000 307.3
3131 31310000 381.3
3132 31320000 180.0
3133 31330000 377.7
3134 31340000 217.0
3135 31350000 286.0
3136 31360000 158.3
3137 31370000 304.3
3138 31380000 119.7
3139 31390000 203.7
3140 31400000 361.3
3141 31410000 314.7
3142 31420000 373.7
3143 31430000 259.3
3144 31440000 249.0
3145 31450000 220.7
3146 31460000 173.3
3147 31470000 323.7
3148 31480000 216.0
3149 31490000 152.0
3150 31500000 242.3
3151 31510000 330.3
3152 31520000 273.7
3153 31530000 243.0
3154 31540000 349.0
3155 31550000 184.7
3156 31560000 118.0
3157 31570000 98.7
3158 31580000 275.7
3159 31590000 276.3
3160 31600000 142.0
3161 31610000 300.3
3162 31620000 243.3
3163 31630000 389.0
3164 31640000 355.7
3165 31650000 335.0
3166 31660000 388.0
3167 31670000 193.0
3168 31680000 79.3
3169 31690000 242.0
3170 31700000 296.7
3171 31710000 278.7
3172 31720000 215.7
3173 31730000 315.3
3174 31740000 151.7
3175 31750000 171.7
3176 31760000 78.3
3177 31770000 191.0
3178 31780000 178.7
3179 31790000 250.0
3180 31800000 101.0
3181 31810000 103.7
3182 31820000 322.7
3183 31830000 200.7
3184 31840000 50.0
3185 31850000 302.3
3186 31860000 301.3
3187 31870000 177.3
3188 31880000 164.7
3189 31890000 153.3
3190 31900000 265.0
3191 31910000 82.7
3192 31920000 277.0
3193 31930000 193.7
3194 31940000 326.7
3195 31950000 248.0
3196 31960000 318.7
3197 31970000 271.3
3198 31980000 325.7
3199 31990000 94.0
3200 32000000 107.0
3201 32010000 353.0
3202 32020000 366.3
3203 32030000 284.7
3204 32040000 189.3
3205 32050000 139.0
3206 32060000 198.0
3207 32070000 366.0
3208 32080000 291.7
3209 32090000 150.0
3210 32100000 97.0
3211 32110000 112.0
3212 32120000 335.7
3213 32130000 279.0
3214 32140000 277.0
3215 32150000 191.3
3216 32160000 267.7
3217 32170000 143.7
3218 32180000 397.0
3219 32190000 102.3
3220 32200000 155.3
3221 32210000 283.7
3222 32220000 240.0
3223 32230000 242.7
3224 32240000 144.7
3225 32250000 174.0
3226 32260000 203.3
3227 32270000 158.3
3228 32280000 372.3
3229 32290000 297.0
3230 32300000 214.7
3231 32310000 286.3
3232 32320000 265.3
3233 32330000 99.3
3234 32340000 325.3
3235 32350000 67.7
3236 32360000 260.7
3237 32370000 212.0
3238 32380000 218.7
3239 32390000 300.7
3240 32400000 377.3
3241 32410000 182.0
3242 32420000 246.3
3243 32430000 279.7
3244 32440000 195.7
3245 32450000 402.0
3246 32460000 203.0
3247 32470000 197.3
3248 32480000 180.7
3249 32490000 75.7
3250 32500000 176.3
3251 32510000 83.3
3252 32520000 310.0
3253 32530000 349.3
3254 32540000 288.0
3255 32550000 285.3
3256 32560000 275.7
3257 32570000 88.0
3258 32580000 200.7
3259 32590000 145.3
3260 32600000 197.7
3261 32610000 178.0
3262 32620000 185.0
3263 32630000 173.3
3264 32640000 213.3
3265 32650000 231.3
3266 32660000 226.3
3267 32670000 254.0
3268 32680000 387.3
3269 32690000 278.3
3270 32700000 149.3
3271 32710000 281.3
3272 32720000 271.7
3273 32730000 339.0
3274 32740000 292.3
3275 32750000 280.7
3276 32760000 76.0
3277 32770000 85.3
3278 32780000 170.3
3279 32790000 146.3
3280 32800000 285.3
3281 32810000 206.7
3282 32820000 257.3
3283 32830000 325.7
3284 32840000 301.0
3285 32850000 305.3
3286 32860000 410.0
3287 32870000 126.0
3288 32880000 166.7
3289 32890000 109.7
3290 32900000 186.3
3291 32910000 267.7
3292 32920000 71.3
3293 32930000 248.3
3294 32940000 286.7
3295 32950000 284.7
3296 32960000 216.7
3297 32970000 281.7
3298 32980000 253.3
3299 32990000 364.0
3300 33000000 331.3
3301 33010000 175.3
3302 33020000 307.3
3303 33030000 197.3
3304 33040000 142.0
3305 33050000 151.3
3306 33060000 365.3
3307 33070000 201.7
3308 33080000 296.0
3309 33090000 103.3
3310 33100000 235.3
3311 33110000 204.3
3312 33120000 165.7
3313 33130000 296.3
3314 33140000 171.7
3315 33150000 268.0
3316 33160000 122.7
3317 33170000 165.3
3318 33180000 284.3
3319 33190000 196.7
3320 33200000 194.7
3321 33210000 293.3
3322 33220000 347.3
3323 33230000 71.7
3324 33240000 365.0
3325 33250000 93.7
3326 33260000 195.7
3327 33270000 340.3
3328 33280000 376.7
3329 33290000 232.3
3330 33300000 181.7
3331 33310000 395.7
3332 33320000 170.7
3333 33330000 214.3
3334 33340000 148.7
3335 33350000 345.0
3336 33360000 305.0
3337 33370000 376.0
3338 33380000 334.0
3339 33390000 266.7
3340 33400000 318.3
3341 33410000 307.7
3342 33420000 323.7
3343 33430000 224.0
3344 33440000 304.0
3345 33450000 219.3
3346 33460000 181.7
3347 33470000 290.3
3348 33480000 91.0
3349 33490000 261.0
3350 33500000 192.7
3351 33510000 231.7
3352 33520000 266.0
3353 33530000 108.7
3354 33540000 283.7
3355 33550000 110.0
3356 33560000 303.0
3357 33570000 182.7
3358 33580000 276.0
3359 33590000 335.3
3360 33600000 216.7
3361 33610000 197.0
3362 33620000 209.0
3363 33630000 221.0
3364 33640000 203.7
3365 33650000 251.3
3366 33660000 220.0
3367 33670000 286.0
3368 33680000 164.3
3369 33690000 139.7
3370 33700000 185.7
3371 33710000 287.7
3372 33720000 145.3
3373 33730000 291.0
3374 33740000 226.7
3375 33750000 273.7
3376 33760000 257.3
3377 33770000 151.3
3378 33780000 76.0
3379 33790000 247.3
3380 33800000 186.0
3381 33810000 270.0
3382 33820000 247.7
3383 33830000 280.0
3384 33840000 316.3
3385 33850000 271.3
3386 33860000 256.7
3387 33870000 158.3
3388 33880000 329.3
3389 33890000 247.0
3390 33900000 271.3
3391 33910000 186.7
3392 33920000 209.7
3393 33930000 282.3
3394 33940000 264.7
3395 33950000 203.3
3396 33960000 187.0
3397 33970000 183.0
3398 33980000 341.7
3399 33990000 368.3
3400 34000000 185.3
3401 34010000 280.3
3402 34020000 154.7
3403 34030000 286.0
3404 34040000 218.3
3405 34050000 174.7
3406 34060000 172.7
3407 34070000 279.7
3408 34080000 259.0
3409 34090000 245.7
3410 34100000 350.0
3411 34110000 227.7
3412 34120000 158.7
3413 34130000 72.7
3414 34140000 306.0
3415 34150000 223.7
3416 34160000 193.0
3417 34170000 149.0
3418 34180000 312.0
3419 34190000 213.7
3420 34200000 170.3
3421 34210000 287.3
3422 34220000 235.3
3423 34230000 221.3
3424 34240000 257.0
3425 34250000 280.7
3426 34260000 130.7
3427 34270000 347.0
3428 34280000 369.3
3429 34290000 351.3
3430 34300000 330.0
3431 34310000 88.3
3432 34320000 303.3
3433 34330000 190.0
3434 34340000 90.3
3435 34350000 353.7
3436 34360000 322.0
3437 34370000 310.3
3438 34380000 283.7
3439 34390000 123.0
3440 34400000 172.0
3441 34410000 245.7
3442 34420000 235.3
3443 34430000 224.0
3444 34440000 292.3
3445 34450000 340.7
3446 34460000 150.7
3447 34470000 234.7
3448 34480000 165.0
3449 34490000 316.0
3450 34500000 391.7
3451 34510000 360.0
3452 34520000 176.7
3453 34530000 272.0
3454 34540000 66.3
3455 34550000 343.3
3456 34560000 146.0
3457 34570000 72.3
3458 34580000 172.0
3459 34590000 86.7
3460 34600000 256.0
3461 34610000 132.7
3462 34620000 250.7
3463 34630000 131.7
3464 34640000 352.3
3465 34650000 230.0
3466 34660000 249.0
3467 34670000 235.7
3468 34680000 309.0
3469 34690000 167.0
3470 34700000 176.7
3471 34710000 162.7
3472 34720000 180.7
3473 34730000 339.0
3474 34740000 246.0
3475 34750000 276.7
3476 34760000 171.3
3477 34770000 143.0
3478 34780000 154.3
3479 34790000 365.0
3480 34800000 158.0
3481 34810000 226.7
3482 34820000 179.0
3483 34830000 61.7
3484 34840000 313.7
3485 34850000 226.0
3486 34860000 296.0
3487 34870000 172.0
3488 34880000 230.3
3489 34890000 138.7
3490 34900000 147.3
3491 34910000 274.0
3492 34920000 301.0
3493 34930000 336.0
3494 34940000 310.3
3495 34950000 321.7
3496 34960000 315.3
3497 34970000 154.0
3498 34980000 247.0
3499 34990000 300.3
3500 35000000 195.3
3501 35010000 290.3
3502 35020000 316.3
3503 35030000 169.0
3504 35040000 175.7
3505 35050000 384.0
3506 35060000 244.0
3507 35070000 307.7
3508 35080000 293.0
3509 35090000 316.3
3510 35100000 277.7
3511 35110000 308.7
3512 35120000 294.0
3513 35130000 261.0
3514 35140000 71.7
3515 35150000 175.0
3516 35160000 272.0
3517 35170000 246.7
3518 35180000 171.0
3519 35190000 105.3
3520 35200000 265.3
3521 35210000 82.0
3522 35220000 52.3
3523 35230000 62.7
3524 35240000 195.3
3525 35250000 372.7
3526 35260000 341.3
3527 35270000 164.7
3528 35280000 286.0
3529 35290000 291.7
3530 35300000 313.0
3531 35310000 370.3
3532 35320000 326.3
3533 35330000 121.3
3534 35340000 350.0
3535 35350000 158.0
3536 35360000 357.7
3537 35370000 128.0
3538 35380000 245.7
3539 35390000 348.3
3540 35400000 133.7
3541 35410000 231.7
3542 35420000 247.0
3543 35430000 217.0
3544 35440000 226.0
3545 35450000 308.3
3546 35460000 239.0
3547 35470000 262.0
3548 35480000 277.3
3549 35490000 252.0
3550 35500000 191.7
3551 35510000 383.3
3552 35520000 348.7
3553 35530000 337.7
3554 35540000 39.0
3555 35550000 412.0
3556 35560000 210.3
3557 35570000 349.7
3558 35580000 277.3
3559 35590000 187.3
3560 35600000 133.3
3561 35610000 159.3
3562 35620000 199.7
3563 35630000 301.3
3564 35640000 257.7
3565 35650000 373.3
3566 35660000 231.3
3567 35670000 115.0
3568 35680000 242.3
3569 35690000 270.3
3570 35700000 77.3
3571 35710000 187.3
3572 35720000 369.0
3573 35730000 238.3
3574 35740000 299.0
3575 35750000 372.0
3576 35760000 300.3
3577 35770000 369.0
3578 35780000 146.0
3579 35790000 248.3
3580 35800000 45.0
3581 35810000 146.3
3582 35820000 220.0
3583 35830000 375.3
3584 35840000 384.0
3585 35850000 118.7
3586 35860000 297.0
3587 35870000 265.7
3588 35880000 361.0
3589 35890000 184.3
3590 35900000 365.7
3591 35910000 182.7
3592 35920000 238.0
3593 35930000 250.3
3594 35940000 336.7
3595 35950000 94.7
3596 35960000 305.3
3597 35970000 282.0
3598 35980000 210.7
3599 35990000 367.3
3600 36000000 318.7
3601 36010000 391.3
3602 36020000 205.0
3603 36030000 275.3
3604 36040000 299.7
3605 36050000 390.7
3606 36060000 316.3
3607 36070000 318.3
3608 36080000 320.3
3609 36090000 260.3
3610 36100000 343.0
3611 36110000 381.0
3612 36120000 160.7
3613 36130000 67.3
3614 36140000 242.7
3615 36150000 280.3
3616 36160000 218.0
3617 36170000 249.0
3618 36180000 207.3
3619 36190000 328.3
3620 36200000 260.0
3621 36210000 118.7
3622 36220000 187.7
3623 36230000 178.3
3624 36240000 308.7
3625 36250000 180.3
3626 36260000 197.0
3627 36270000 327.7
3628 36280000 378.3
3629 36290000 111.7
3630 36300000 197.0
3631 36310000 307.0
3632 36320000 363.0
3633 36330000 271.0
3634 36340000 416.7
3635 36350000 212.7
3636 36360000 390.3
3637 36370000 283.3
3638 36380000 200.0
3639 36390000 277.3
3640 36400000 375.3
3641 36410000 210.0
3642 36420000 198.0
3643 36430000 266.3
3644 36440000 176.7
3645 36450000 250.0
3646 36460000 183.0
3647 36470000 224.0
3648 36480000 237.0
3649 36490000 201.0
3650 36500000 260.3
3651 36510000 256.3
3652 36520000 142.0
3653 36530000 226.0
3654 36540000 358.0
3655 36550000 250.7
3656 36560000 314.0
3657 36570000 231.0
3658 36580000 228.7
3659 36590000 266.7
3660 36600000 169.3
3661 36610000 166.0
3662 36620000 216.3
3663 36630000 147.0
3664 36640000 169.0
3665 36650000 255.3
3666 36660000 273.0
3667 36670000 248.0
3668 36680000 164.0
3669 36690000 174.3
3670 36700000 63.0
3671 36710000 223.7
3672 36720000 270.0
3673 36730000 235.3
3674 36740000 187.3
3675 36750000 280.7
3676 36760000 204.3
3677 36770000 273.0
3678 36780000 211.7
3679 36790000 321.0
3680 36800000 207.3
3681 36810000 157.7
3682 36820000 363.7
3683 36830000 224.0
3684 36840000 123.0
3685 36850000 356.3
3686 36860000 214.0
3687 36870000 391.0
3688 36880000 300.7
3689 36890000 296.7
3690 36900000 179.3
3691 36910000 288.0
3692 36920000 190.3
3693 36930000 294.7
3694 36940000 294.0
3695 36950000 356.0
3696 36960000 380.3
3697 36970000 280.3
3698 36980000 79.3
3699 36990000 185.0
3700 37000000 273.7
3701 37010000 288.7
3702 37020000 296.7
3703 37030000 173.3
3704 37040000 373.3
3705 37050000 338.0
3706 37060000 388.3
3707 37070000 252.3
3708 37080000 280.3
3709 37090000 270.0
3710 37100000 51.0
3711 37110000 246.3
3712 37120000 139.3
3713 37130000 273.7
3714 37140000 275.0
3715 37150000 192.7
3716 37160000 233.7
3717 37170000 278.7
3718 37180000 148.7
3719 37190000 287.7
3720 37200000 297.3
3721 37210000 337.0
3722 37220000 394.7
3723 37230000 377.7
3724 37240000 251.3
3725 37250000 256.7
3726 37260000 376.0
3727 37270000 199.7
3728 37280000 360.3
3729 37290000 190.0
3730 37300000 284.3
3731 37310000 74.0
3732 37320000 315.0
3733 37330000 179.0
3734 37340000 165.7
3735 37350000 395.3
3736 37360000 239.0
3737 37370000 171.0
3738 37380000 238.3
3739 37390000 175.7
3740 37400000 195.3
3741 37410000 292.3
3742 37420000 153.3
3743 37430000 231.0
3744 37440000 260.0
3745 37450000 171.3
3746 37460000 346.7
3747 37470000 188.7
3748 37480000 291.3
3749 37490000 261.7
3750 37500000 250.3
3751 37510000 177.7
3752 37520000 265.7
3753 37530000 238.3
3754 37540000 127.3
3755 37550000 392.3
3756 37560000 315.0
3757 37570000 335.3
3758 37580000 165.0
3759 37590000 171.3
3760 37600000 194.0
3761 37610000 238.7
3762 37620000 188.0
3763 37630000 267.7
3764 37640000 177.0
3765 37650000 271.0
3766 37660000 285.7
3767 37670000 159.3
3768 37680000 92.0
3769 37690000 315.3
3770 37700000 164.0
3771 37710000 255.0
3772 37720000 358.0
3773 37730000 89.7
3774 37740000 360.3
3775 37750000 88.7
3776 37760000 278.0
3777 37770000 155.0
3778 37780000 171.0
3779 37790000 202.7
3780 37800000 317.3
3781 37810000 205.3
3782 37820000 202.7
3783 37830000 374.0
3784 37840000 131.0
3785 37850000 276.7
3786 37860000 152.3
3787 37870000 393.3
3788 37880000 171.0
3789 37890000 113.3
3790 37900000 215.3
3791 37910000 252.3
3792 37920000 144.0
3793 37930000 252.3
3794 37940000 351.0
3795 37950000 378.3
3796 37960000 129.7
3797 37970000 378.3
3798 37980000 273.0
3799 37990000 348.0
3800 38000000 342.3
3801 38010000 276.3
3802 38020000 83.0
3803 38030000 49.7
3804 38040000 207.7
3805 38050000 107.0
3806 38060000 237.7
3807 38070000 359.0
3808 38080000 332.3
3809 38090000 204.0
3810 38100000 241.7
3811 38110000 157.3
3812 38120000 361.0
3813 38130000 287.7
3814 38140000 323.3
3815 38150000 258.3
3816 38160000 325.3
3817 38170000 175.0
3818 38180000 345.7
3819 38190000 296.0
3820 38200000 190.3
3821 38210000 274.0
3822 38220000 277.3
3823 38230000 360.3
3824 38240000 267.0
3825 38250000 278.3
3826 38260000 379.7
3827 38270000 399.3
3828 38280000 394.0
3829 38290000 251.0
3830 38300000 198.3
3831 38310000 271.0
3832 38320000 246.0
3833 38330000 358.3
3834 38340000 273.0
3835 38350000 205.3
3836 38360000 300.7
3837 38370000 291.0
3838 38380000 332.0
3839 38390000 278.3
3840 38400000 239.0
3841 38410000 119.3
3842 38420000 273.7
3843 38430000 386.3
3844 38440000 276.3
3845 38450000 141.0
3846 38460000 351.7
3847 38470000 81.3
3848 38480000 173.3
3849 38490000 370.7
3850 38500000 151.3
3851 38510000 118.7
3852 38520000 287.3
3853 38530000 212.0
3854 38540000 222.0
3855 38550000 163.0
3856 38560000 338.3
3857 38570000 352.3
3858 38580000 295.3
3859 38590000 258.3
3860 38600000 115.7
3861 38610000 386.7
3862 38620000 244.7
3863 38630000 184.0
3864 38640000 197.0
3865 38650000 217.0
3866 38660000 266.3
3867 38670000 380.0
3868 38680000 117.0
3869 38690000 142.7
3870 38700000 181.3
3871 38710000 359.7
3872 38720000 177.7
3873 38730000 369.3
3874 38740000 368.7
3875 38750000 126.7
3876 38760000 162.3
3877 38770000 231.0
3878 38780000 289.0
3879 38790000 225.3
3880 38800000 259.3
3881 38810000 155.0
3882 38820000 294.3
3883 38830000 276.7
3884 38840000 211.0
3885 38850000 270.0
3886 38860000 346.7
3887 38870000 145.0
3888 38880000 228.3
3889 38890000 173.0
3890 38900000 216.3
3891 38910000 257.7
3892 38920000 363.3
3893 38930000 183.3
3894 38940000 274.3
3895 38950000 186.7
3896 38960000 102.3
3897 38970000 359.3
3898 38980000 309.0
3899 38990000 172.7
3900 39000000 190.3
3901 39010000 299.7
3902 39020000 320.7
3903 39030000 161.7
3904 39040000 279.0
3905 39050000 306.0
3906 39060000 272.3
3907 39070000 255.0
3908 39080000 307.0
3909 39090000 250.7
3910 39100000 141.3
3911 39110000 184.3
3912 39120000 170.3
3913 39130000 340.0
3914 39140000 158.3
3915 39150000 321.7
3916 39160000 270.7
3917 39170000 44.7
3918 39180000 346.7
3919 39190000 185.3
3920 39200000 293.0
3921 39210000 261.0
3922 39220000 229.7
3923 39230000 185.0
3924 39240000 163.3
3925 39250000 208.7
3926 39260000 281.3
3927 39270000 166.7
3928 39280000 75.7
3929 39290000 254.7
3930 39300000 307.3
3931 39310000 256.0
3932 39320000 322.0
3933 39330000 329.7
3934 39340000 341.0
3935 39350000 136.7
3936 39360000 343.3
3937 39370000 289.0
3938 39380000 232.7
3939 39390000 123.0
3940 39400000 204.0
3941 39410000 269.7
3942 39420000 147.0
3943 39430000 209.7
3944 39440000 156.0
3945 39450000 383.3
3946 39460000 112.7
3947 39470000 282.3
3948 39480000 170.3
3949 39490000 77.0
3950 39500000 258.3
3951 39510000 122.3
3952 39520000 247.0
3953 39530000 188.0
3954 39540000 214.0
3955 39550000 153.3
3956 39560000 183.3
3957 39570000 361.3
3958 39580000 258.7
3959 39590000 154.3
3960 39600000 299.0
3961 39610000 408.3
3962 39620000 394.7
3963 39630000 253.7
3964 39640000 188.7
3965 39650000 217.0
3966 39660000 147.0
3967 39670000 367.7
3968 39680000 245.7
3969 39690000 382.0
3970 39700000 148.0
3971 39710000 386.7
3972 39720000 273.3
3973 39730000 346.3
3974 39740000 382.0
3975 39750000 195.7
3976 39760000 383.3
3977 39770000 196.7
3978 39780000 368.7
3979 39790000 305.3
3980 39800000 251.7
3981 39810000 255.3
3982 39820000 294.7
3983 39830000 237.3
3984 39840000 185.3
3985 39850000 304.7
3986 39860000 140.3
3987 39870000 286.0
3988 39880000 296.0
3989 39890000 193.7
3990 39900000 123.3
3991 39910000 180.3
3992 39920000 209.3
3993 39930000 243.7
3994 39940000 249.7
3995 39950000 247.0
3996 39960000 339.0
3997 39970000 293.7
3998 39980000 296.7
3999 39990000 271.7
4000 40000000 181.0
4001 40010000 230.0
4002 40020000 254.7
4003 40030000 305.0
4004 40040000 291.7
4005 40050000 288.7
4006 40060000 74.3
4007 40070000 406.0
4008 40080000 237.3
4009 40090000 138.7
4010 40100000 169.0
4011 40110000 304.7
4012 40120000 113.7
4013 40130000 196.7
4014 40140000 87.0
4015 40150000 222.7
4016 40160000 334.3
4017 40170000 101.0
4018 40180000 412.0
4019 40190000 67.0
4020 40200000 293.3
4021 40210000 139.7
4022 40220000 200.7
4023 40230000 358.3
4024 40240000 171.7
4025 40250000 53.3
4026 40260000 285.0
4027 40270000 116.0
4028 40280000 394.0
4029 40290000 281.7
4030 40300000 50.0
4031 40310000 109.0
4032 40320000 237.7
4033 40330000 190.7
4034 40340000 401.3
4035 40350000 199.0
4036 40360000 164.3
4037 40370000 266.3
4038 40380000 304.3
4039 40390000 226.0
4040 40400000 196.0
4041 40410000 251.0
4042 40420000 221.0
4043 40430000 286.3
4044 40440000 58.3
4045 40450000 155.0
4046 40460000 207.0
4047 40470000 256.7
4048 40480000 284.7
4049 40490000 245.0
4050 40500000 224.3
4051 40510000 273.3
4052 40520000 135.3
4053 40530000 264.7
4054 40540000 78.7
4055 40550000 322.3
4056 40560000 260.0
4057 40570000 308.7
4058 40580000 106.3
4059 40590000 188.7
4060 40600000 282.7
4061 40610000 177.7
4062 40620000 385.3
4063 40630000 242.0
4064 40640000 347.0
4065 40650000 392.3
4066 40660000 151.3
4067 40670000 219.7
4068 40680000 182.7
4069 40690000 340.0
4070 40700000 258.3
4071 40710000 287.0
4072 40720000 283.7
4073 40730000 274.3
4074 40740000 411.7
4075 40750000 327.3
4076 40760000 205.7
4077 40770000 277.0
4078 40780000 262.0
4079 40790000 123.3
4080 40800000 183.0
4081 40810000 371.7
4082 40820000 271.3
4083 40830000 217.7
4084 40840000 293.0
4085 40850000 179.3
4086 40860000 300.0
4087 40870000 165.3
4088 40880000 288.0
4089 40890000 161.0
4090 40900000 180.0
4091 40910000 292.0
4092 40920000 120.0
4093 40930000 303.0
4094 40940000 144.0
4095 40950000 69.0
4096 40960000 191.0
4097 40970000 318.3
4098 40980000 251.7
4099 40990000 198.7
4100 41000000 383.3
4101 41010000 272.3
4102 41020000 267.3
4103 41030000 73.3
4104 41040000 179.0
4105 41050000 278.3
4106 41060000 138.3
4107 41070000 171.7
4108 41080000 170.7
4109 41090000 204.3
4110 41100000 228.0
4111 41110000 285.0
4112 41120000 253.3
4113 41130000 257.7
4114 41140000 240.7
4115 41150000 236.3
4116 41160000 345.0
4117 41170000 164.0
4118 41180000 403.7
4119 41190000 254.3
4120 41200000 148.0
4121 41210000 256.7
4122 41220000 284.0
4123 41230000 226.7
4124 41240000 391.7
4125 41250000 159.0
4126 41260000 199.0
4127 41270000 161.3
4128 41280000 109.3
4129 41290000 377.7
4130 41300000 231.3
4131 41310000 324.0
4132 41320000 244.0
4133 41330000 246.3
4134 41340000 365.0
4135 41350000 260.0
4136 41360000 165.7
4137 41370000 255.7
4138 41380000 390.7
4139 41390000 323.0
4140 41400000 304.0
4141 41410000 160.3
4142 41420000 179.3
4143 41430000 180.3
4144 41440000 211.3
4145 41450000 388.3
4146 41460000 294.7
4147 41470000 236.3
4148 41480000 168.7
4149 41490000 61.3
4150 41500000 288.7
4151 41510000 361.3
4152 41520000 145.0
4153 41530000 180.3
4154 41540000 243.7
4155 41550000 226.0
4156 41560000 151.7
4157 41570000 290.3
4158 41580000 250.0
4159 41590000 66.0
4160 41600000 155.0
4161 41610000 344.7
4162 41620000 228.7
4163 41630000 314.0
4164 41640000 278.7
4165 41650000 255.3
4166 41660000 403.3
4167 41670000 181.3
4168 41680000 193.3
4169 41690000 351.0
4170 41700000 220.0
4171 41710000 192.0
4172 41720000 278.7
4173 41730000 380.7
4174 41740000 338.0
4175 41750000 260.0
4176 41760000 347.3
4177 41770000 285.3
4178 41780000 161.3
4179 41790000 252.0
4180 41800000 258.0
4181 41810000 290.7
4182 41820000 123.3
4183 41830000 62.0
4184 41840000 363.3
4185 41850000 180.7
4186 41860000 357.3
4187 41870000 189.0
4188 41880000 250.3
4189 41890000 225.7
4190 41900000 186.3
4191 41910000 321.0
4192 41920000 240.3
4193 41930000 286.7
4194 41940000 218.3
4195 41950000 360.0
4196 41960000 354.0
4197 41970000 286.0
4198 41980000 159.0
4199 41990000 308.0
4200 42000000 242.7
4201 42010000 241.0
4202 42020000 323.0
4203 42030000 254.0
4204 42040000 321.0
4205 42050000 277.7
4206 42060000 179.0
4207 42070000 150.0
4208 42080000 306.0
4209 42090000 138.0
4210 42100000 401.7
4211 42110000 152.7
4212 42120000 75.7
4213 42130000 388.3
4214 42140000 358.3
4215 42150000 158.7
4216 42160000 292.0
4217 42170000 73.0
4218 42180000 282.0
4219 42190000 308.7
4220 42200000 171.3
4221 42210000 99.3
4222 42220000 411.7
4223 42230000 282.0
4224 42240000 305.3
4225 42250000 190.3
4226 42260000 76.0
4227 42270000 412.0
4228 42280000 346.0
4229 42290000 358.3
4230 42300000 180.3
4231 42310000 200.0
4232 42320000 188.7
4233 42330000 222.7
4234 42340000 185.3
4235 42350000 288.3
4236 42360000 203.7
4237 42370000 282.7
4238 42380000 337.3
4239 42390000 359.3
4240 42400000 263.0
4241 42410000 374.7
4242 42420000 281.3
4243 42430000 196.3
4244 42440000 177.7
4245 42450000 240.3
4246 42460000 218.3
4247 42470000 272.3
4248 42480000 164.3
4249 42490000 177.0
4250 42500000 80.0
4251 42510000 353.7
4252 42520000 173.0
4253 42530000 200.3
4254 42540000 274.0
4255 42550000 311.0
4256 42560000 40.7
4257 42570000 178.7
4258 42580000 286.3
4259 42590000 267.7
4260 42600000 250.0
4261 42610000 177.7
4262 42620000 196.3
4263 42630000 202.0
4264 42640000 279.0
4265 42650000 61.7
4266 42660000 278.3
4267 42670000 258.7
4268 42680000 172.7
4269 42690000 146.7
4270 42700000 288.0
4271 42710000 147.3
4272 42720000 391.7
4273 42730000 217.7
4274 42740000 361.3
4275 42750000 305.3
4276 42760000 338.0
4277 42770000 81.3
4278 42780000 286.3
4279 42790000 165.3
4280 42800000 116.3
4281 42810000 330.7
4282 42820000 274.7
4283 42830000 267.0
4284 42840000 248.3
4285 42850000 172.3
4286 42860000 189.7
4287 42870000 96.7
4288 42880000 171.3
4289 42890000 231.7
4290 42900000 286.3
4291 42910000 346.0
4292 42920000 312.3
4293 42930000 211.0
4294 42940000 253.3
4295 42950000 230.0
4296 42960000 146.3
4297 42970000 353.7
4298 42980000 266.0
4299 42990000 193.3
4300 43000000 282.0
4301 43010000 286.7
4302 43020000 244.7
4303 43030000 207.3
4304 43040000 248.3
4305 43050000 353.0
4306 43060000 293.7
4307 43070000 254.3
4308 43080000 195.3
4309 43090000 257.0
4310 43100000 273.7
4311 43110000 121.0
4312 43120000 303.7
4313 43130000 304.7
4314 43140000 202.7
4315 43150000 56.7
4316 43160000 203.3
4317 43170000 262.7
4318 43180000 266.3
4319 43190000 170.3
4320 43200000 356.3
4321 43210000 242.7
4322 43220000 337.3
4323 43230000 243.0
4324 43240000 188.7
4325 43250000 251.0
4326 43260000 235.0
4327 43270000 277.7
4328 43280000 357.3
4329 43290000 230.7
4330 43300000 166.0
4331 43310000 271.0
4332 43320000 174.7
4333 43330000 276.3
4334 43340000 212.0
4335 43350000 304.3
4336 43360000 217.0
4337 43370000 76.3
4338 43380000 399.0
4339 43390000 220.3
4340 43400000 374.7
4341 43410000 179.3
4342 43420000 315.0
4343 43430000 259.0
4344 43440000 391.0
4345 43450000 344.3
4346 43460000 199.3
4347 43470000 235.7
4348 43480000 221.0
4349 43490000 248.3
4350 43500000 259.0
4351 43510000 202.7
4352 43520000 268.7
4353 43530000 174.0
4354 43540000 291.0
4355 43550000 267.3
4356 43560000 370.7
4357 43570000 182.7
4358 43580000 363.0
4359 43590000 343.0
4360 43600000 191.7
4361 43610000 159.7
4362 43620000 286.3
4363 43630000 398.7
4364 43640000 181.0
4365 43650000 393.3
4366 43660000 192.7
4367 43670000 102.0
4368 43680000 236.3
4369 43690000 281.3
4370 43700000 241.0
4371 43710000 249.7
4372 43720000 251.7
4373 43730000 154.7
4374 43740000 304.7
4375 43750000 269.7
4376 43760000 323.3
4377 43770000 170.7
4378 43780000 310.7
4379 43790000 226.7
4380 43800000 245.7
4381 43810000 376.0
4382 43820000 242.7
4383 43830000 117.0
4384 43840000 309.3
4385 43850000 176.3
4386 43860000 275.0
4387 43870000 164.3
4388 43880000 413.3
4389 43890000 77.0
4390 43900000 150.0
4391 43910000 359.7
4392 43920000 251.7
4393 43930000 240.0
4394 43940000 156.7
4395 43950000 388.3
4396 43960000 246.7
4397 43970000 183.0
4398 43980000 194.0
4399 43990000 277.7
4400 44000000 294.7
4401 44010000 297.0
4402 44020000 155.7
4403 44030000 139.0
4404 44040000 390.3
4405 44050000 255.0
4406 44060000 171.0
4407 44070000 125.7
4408 44080000 217.0
4409 44090000 124.7
4410 44100000 183.3
4411 44110000 228.0
4412 44120000 286.3
4413 44130000 266.7
4414 44140000 248.3
4415 44150000 44.0
4416 44160000 229.7
4417 44170000 244.0
4418 44180000 187.3
4419 44190000 372.7
4420 44200000 383.3
4421 44210000 164.0
4422 44220000 285.3
4423 44230000 191.0
4424 44240000 362.7
4425 44250000 176.0
4426 44260000 309.0
4427 44270000 134.7
4428 44280000 267.0
4429 44290000 215.7
4430 44300000 259.0
4431 44310000 270.7
4432 44320000 54.0
4433 44330000 219.3
4434 44340000 253.7
4435 44350000 294.3
4436 44360000 201.7
4437 44370000 283.0
4438 44380000 104.3
4439 44390000 321.3
4440 44400000 375.7
4441 44410000 330.0
4442 44420000 92.3
4443 44430000 415.3
4444 44440000 149.0
4445 44450000 369.3
4446 44460000 132.3
4447 44470000 295.3
4448 44480000 324.3
4449 44490000 233.0
4450 44500000 250.3
4451 44510000 159.0
4452 44520000 323.7
4453 44530000 294.7
4454 44540000 243.3
4455 44550000 161.7
4456 44560000 117.3
4457 44570000 76.0
4458 44580000 352.0
4459 44590000 224.3
4460 44600000 305.0
4461 44610000 58.0
4462 44620000 390.7
4463 44630000 216.0
4464 44640000 179.7
4465 44650000 257.0
4466 44660000 235.3
4467 44670000 367.3
4468 44680000 286.0
4469 44690000 347.7
4470 44700000 139.0
4471 44710000 408.7
4472 44720000 217.3
4473 44730000 264.3
4474 44740000 159.3
4475 44750000 96.7
4476 44760000 250.7
4477 44770000 234.3
4478 44780000 37.0
4479 44790000 387.0
4480 44800000 221.7
4481 44810000 243.7
4482 44820000 111.7
4483 44830000 68.0
4484 44840000 282.7
4485 44850000 386.3
4486 44860000 269.7
4487 44870000 129.3
4488 44880000 163.7
4489 44890000 82.7
4490 44900000 189.3
4491 44910000 220.0
4492 44920000 79.0
4493 44930000 346.3
4494 44940000 256.3
4495 44950000 82.0
4496 44960000 260.0
4497 44970000 402.0
4498 44980000 259.0
4499 44990000 229.3
4500 45000000 126.0
4501 45010000 320.0
4502 45020000 273.0
4503 45030000 272.3
4504 45040000 273.7
4505 45050000 375.7
4506 45060000 164.3
4507 45070000 229.3
4508 45080000 49.0
4509 45090000 261.7
4510 45100000 149.0
4511 45110000 305.0
4512 45120000 280.0
4513 45130000 228.3
4514 45140000 195.3
4515 45150000 192.3
4516 45160000 258.7
4517 45170000 77.3
4518 45180000 382.0
4519 45190000 414.0
4520 45200000 255.3
4521 45210000 286.0
4522 45220000 182.0
4523 45230000 314.0
4524 45240000 251.7
4525 45250000 228.3
4526 45260000 158.7
4527 45270000 303.0
4528 45280000 247.7
4529 45290000 238.7
4530 45300000 217.0
4531 45310000 410.0
4532 45320000 243.0
4533 45330000 201.0
4534 45340000 298.0
4535 45350000 323.7
4536 45360000 254.0
4537 45370000 400.7
4538 45380000 203.3
4539 45390000 402.3
4540 45400000 102.3
4541 45410000 289.7
4542 45420000 180.7
4543 45430000 265.3
4544 45440000 277.7
4545 45450000 264.7
4546 45460000 269.7
4547 45470000 368.7
4548 45480000 272.3
4549 45490000 255.0
4550 45500000 199.7
4551 45510000 77.0
4552 45520000 68.7
4553 45530000 306.3
4554 45540000 227.0
4555 45550000 190.7
4556 45560000 162.7
4557 45570000 50.7
4558 45580000 340.0
4559 45590000 372.7
4560 45600000 288.7
4561 45610000 385.7
4562 45620000 213.0
4563 45630000 230.3
4564 45640000 401.7
4565 45650000 256.3
4566 45660000 261.3
4567 45670000 288.7
4568 45680000 177.0
4569 45690000 266.7
4570 45700000 370.7
4571 45710000 411.0
4572 45720000 252.0
4573 45730000 160.0
4574 45740000 254.0
4575 45750000 330.0
4576 45760000 278.3
4577 45770000 384.7
4578 45780000 167.3
4579 45790000 352.0
4580 45800000 297.7
4581 45810000 289.3
4582 45820000 268.3
4583 45830000 292.0
4584 45840000 176.3
4585 45850000 259.7
4586 45860000 145.0
4587 45870000 373.3
4588 45880000 224.7
4589 45890000 240.7
4590 45900000 422.0
4591 45910000 252.7
4592 45920000 232.3
4593 45930000 314.7
4594 45940000 263.7
4595 45950000 399.3
4596 45960000 170.7
4597 45970000 127.0
4598 45980000 191.3
4599 45990000 71.0
4600 46000000 164.3
4601 46010000 149.7
4602 46020000 147.0
4603 46030000 250.3
4604 46040000 246.0
4605 46050000 170.0
4606 46060000 174.0
4607 46070000 245.3
4608 46080000 377.7
4609 46090000 194.0
4610 46100000 225.3
4611 46110000 239.7
4612 46120000 206.3
4613 46130000 74.0
4614 46140000 314.7
4615 46150000 275.7
4616 46160000 305.3
4617 46170000 271.7
4618 46180000 170.3
4619 46190000 293.0
4620 46200000 136.7
4621 46210000 259.7
4622 46220000 172.7
4623 46230000 159.0
4624 46240000 169.0
4625 46250000 310.3
4626 46260000 260.0
4627 46270000 316.7
4628 46280000 208.7
4629 46290000 266.7
4630 46300000 190.0
4631 46310000 288.3
4632 46320000 203.7
4633 46330000 154.3
4634 46340000 270.0
4635 46350000 411.7
4636 46360000 299.0
4637 46370000 275.0
4638 46380000 305.0
4639 46390000 311.7
4640 46400000 166.7
4641 46410000 153.7
4642 46420000 348.3
4643 46430000 286.3
4644 46440000 282.7
4645 46450000 168.0
4646 46460000 422.7
4647 46470000 239.3
4648 46480000 155.7
4649 46490000 265.0
4650 46500000 146.0
4651 46510000 376.7
4652 46520000 285.0
4653 46530000 353.0
4654 46540000 377.7
4655 46550000 295.3
4656 46560000 342.3
4657 46570000 122.0
4658 46580000 326.0
4659 46590000 304.7
4660 46600000 176.7
4661 46610000 271.7
4662 46620000 152.3
4663 46630000 388.7
4664 46640000 354.3
4665 46650000 174.3
4666 46660000 169.0
4667 46670000 48.7
4668 46680000 291.0
4669 46690000 69.0
4670 46700000 269.0
4671 46710000 275.3
4672 46720000 279.3
4673 46730000 238.7
4674 46740000 158.3
4675 46750000 286.7
4676 46760000 367.3
4677 46770000 382.7
4678 46780000 370.0
4679 46790000 354.7
4680 46800000 277.3
4681 46810000 292.7
4682 46820000 217.3
4683 46830000 362.0
4684 46840000 252.0
4685 46850000 278.0
4686 46860000 290.3
4687 46870000 173.3
4688 46880000 265.3
4689 46890000 257.3
4690 46900000 260.7
4691 46910000 388.3
4692 46920000 311.3
4693 46930000 353.3
4694 46940000 160.0
4695 46950000 167.0
4696 46960000 140.0
4697 46970000 327.7
4698 46980000 327.3
4699 46990000 79.3
4700 47000000 382.7
4701 47010000 294.3
4702 47020000 332.3
4703 47030000 134.3
4704 47040000 363.7
4705 47050000 287.0
4706 47060000 373.3
4707 47070000 198.3
4708 47080000 316.7
4709 47090000 228.3
4710 47100000 246.7
4711 47110000 144.7
4712 47120000 219.0
4713 47130000 271.0
4714 47140000 408.0
4715 47150000 285.0
4716 47160000 260.7
4717 47170000 280.0
4718 47180000 383.7
4719 47190000 384.3
4720 47200000 280.3
4721 47210000 176.7
4722 47220000 215.3
4723 47230000 240.7
4724 47240000 280.0
4725 47250000 255.0
4726 47260000 302.0
4727 47270000 251.3
4728 47280000 409.0
4729 47290000 178.0
4730 47300000 345.3
4731 47310000 131.7
4732 47320000 327.7
4733 47330000 255.0
4734 47340000 290.7
4735 47350000 288.3
4736 47360000 117.0
4737 47370000 294.3
4738 47380000 267.0
4739 47390000 157.0
4740 47400000 265.3
4741 47410000 333.3
4742 47420000 175.0
4743 47430000 71.0
4744 47440000 341.0
4745 47450000 162.0
4746 47460000 305.0
4747 47470000 158.0
4748 47480000 369.7
4749 47490000 245.7
4750 47500000 53.3
4751 47510000 296.7
4752 47520000 281.7
4753 47530000 264.7
4754 47540000 397.3
4755 47550000 180.0
4756 47560000 49.0
4757 47570000 208.3
4758 47580000 380.0
4759 47590000 332.7
4760 47600000 345.3
4761 47610000 343.7
4762 47620000 394.0
4763 47630000 198.7
4764 47640000 293.3
4765 47650000 251.3
4766 47660000 229.0
4767 47670000 320.3
4768 47680000 220.7
4769 47690000 327.3
4770 47700000 163.3
4771 47710000 323.0
4772 47720000 287.3
4773 47730000 224.7
4774 47740000 274.7
4775 47750000 254.0
4776 47760000 120.7
4777 47770000 211.0
4778 47780000 269.3
4779 47790000 282.7
4780 47800000 283.3
4781 47810000 362.3
4782 47820000 173.3
4783 47830000 363.7
4784 47840000 193.0
4785 47850000 337.3
4786 47860000 283.3
4787 47870000 358.3
4788 47880000 68.3
4789 47890000 312.7
4790 47900000 261.3
4791 47910000 401.3
4792 47920000 152.7
4793 47930000 382.3
4794 47940000 290.3
4795 47950000 283.7
4796 47960000 244.7
4797 47970000 154.0
4798 47980000 292.7
4799 47990000 402.3
4800 48000000 409.3
4801 48010000 305.7
4802 48020000 242.7
4803 48030000 271.3
4804 48040000 312.7
4805 48050000 109.0
4806 48060000 232.0
4807 48070000 341.7
4808 48080000 228.7
4809 48090000 333.3
4810 48100000 139.3
4811 48110000 271.3
4812 48120000 251.7
4813 48130000 262.7
4814 48140000 213.7
4815 48150000 323.3
4816 48160000 162.3
4817 48170000 157.0
4818 48180000 276.7
4819 48190000 254.7
4820 48200000 282.0
4821 48210000 226.0
4822 48220000 240.7
4823 48230000 203.7
4824 48240000 338.7
4825 48250000 285.7
4826 48260000 119.3
4827 48270000 165.0
4828 48280000 366.7
4829 48290000 367.3
4830 48300000 311.0
4831 48310000 324.7
4832 48320000 386.0
4833 48330000 230.0
4834 48340000 372.0
4835 48350000 272.7
4836 48360000 297.7
4837 48370000 151.0
4838 48380000 52.3
4839 48390000 182.7
4840 48400000 156.3
4841 48410000 335.0
4842 48420000 354.7
4843 48430000 209.7
4844 48440000 88.0
4845 48450000 330.0
4846 48460000 183.3
4847 48470000 187.0
4848 48480000 238.3
4849 48490000 217.7
4850 48500000 76.3
4851 48510000 302.3
4852 48520000 386.0
4853 48530000 58.0
4854 48540000 283.7
4855 48550000 275.7
4856 48560000 352.7
4857 48570000 193.7
4858 48580000 167.3
4859 48590000 285.0
4860 48600000 295.7
4861 48610000 289.7
4862 48620000 274.3
4863 48630000 297.7
4864 48640000 298.7
4865 48650000 208.7
4866 48660000 121.0
4867 48670000 358.0
4868 48680000 274.7
4869 48690000 132.7
4870 48700000 264.7
4871 48710000 273.0
4872 48720000 260.0
4873 48730000 250.0
4874 48740000 254.7
4875 48750000 273.0
4876 48760000 269.7
4877 48770000 330.3
4878 48780000 292.0
4879 48790000 320.3
4880 48800000 254.0
4881 48810000 188.3
4882 48820000 189.7
4883 48830000 261.7
4884 48840000 305.0
4885 48850000 346.0
4886 48860000 366.7
4887 48870000 289.7
4888 48880000 76.7
4889 48890000 192.7
4890 48900000 283.7
4891 48910000 285.3
4892 48920000 286.7
4893 48930000 200.3
4894 48940000 303.7
4895 48950000 186.7
4896 48960000 303.7
4897 48970000 346.3
4898 48980000 179.3
4899 48990000 253.7
4900 49000000 173.3
4901 49010000 237.7
4902 49020000 201.7
4903 49030000 378.3
4904 49040000 185.3
4905 49050000 373.3
4906 49060000 51.7
4907 49070000 256.0
4908 49080000 166.3
4909 49090000 341.3
4910 49100000 164.7
4911 49110000 252.3
4912 49120000 155.3
4913 49130000 251.7
4914 49140000 188.0
4915 49150000 208.3
4916 49160000 130.3
4917 49170000 275.3
4918 49180000 295.3
4919 49190000 87.7
4920 49200000 278.3
4921 49210000 257.7
4922 49220000 160.7
4923 49230000 295.0
4924 49240000 258.0
4925 49250000 230.0
4926 49260000 282.3
4927 49270000 286.7
4928 49280000 174.7
4929 49290000 240.3
4930 49300000 287.0
4931 49310000 291.0
4932 49320000 279.7
4933 49330000 292.7
4934 49340000 250.7
4935 49350000 285.0
4936 49360000 162.0
4937 49370000 243.3
4938 49380000 255.7
4939 49390000 372.0
4940 49400000 358.0
4941 49410000 272.0
4942 49420000 162.7
4943 49430000 187.0
4944 49440000 186.3
4945 49450000 226.7
4946 49460000 195.0
4947 49470000 229.3
4948 49480000 140.7
4949 49490000 184.3
4950 49500000 179.3
4951 49510000 258.0
4952 49520000 242.7
4953 49530000 269.3
4954 49540000 316.0
4955 49550000 125.3
4956 49560000 56.0
4957 49570000 181.3
4958 49580000 179.7
4959 49590000 253.7
4960 49600000 350.3
4961 49610000 277.3
4962 49620000 267.3
4963 49630000 313.3
4964 49640000 398.7
4965 49650000 277.7
4966 49660000 178.0
4967 49670000 355.0
4968 49680000 372.0
4969 49690000 186.7
4970 49700000 205.3
4971 49710000 377.3
4972 49720000 181.0
4973 49730000 96.0
4974 49740000 91.0
4975 49750000 275.0
4976 49760000 173.3
4977 49770000 45.7
4978 49780000 160.0
4979 49790000 76.7
4980 49800000 288.0
4981 49810000 363.3
4982 49820000 65.3
4983 49830000 134.7
4984 49840000 162.7
4985 49850000 331.0
4986 49860000 262.3
4987 49870000 313.0
4988 49880000 283.7
4989 49890000 143.0
4990 49900000 266.3
4991 49910000 220.7
4992 49920000 338.3
4993 49930000 412.0
4994 49940000 141.0
4995 49950000 342.0
4996 49960000 273.3
4997 49970000 272.0
4998 49980000 227.7
4999 49990000 261.0
